2.500000e+03	1.139184e-02	2.156884e+00
2.503129e+03	1.153319e-02	2.161358e+00
2.506266e+03	1.176400e-02	2.165846e+00
2.509410e+03	1.183124e-02	2.170347e+00
2.512563e+03	1.172966e-02	2.174862e+00
2.515723e+03	1.189471e-02	2.179391e+00
2.518892e+03	1.213542e-02	2.183934e+00
2.522068e+03	1.230233e-02	2.188490e+00
2.525253e+03	1.218131e-02	2.193061e+00
2.528445e+03	1.210677e-02	2.197645e+00
2.531646e+03	1.193201e-02	2.202244e+00
2.534854e+03	1.176767e-02	2.206857e+00
2.538071e+03	1.152286e-02	2.211484e+00
2.541296e+03	1.141853e-02	2.216125e+00
2.544529e+03	1.091939e-02	2.220780e+00
2.547771e+03	1.058582e-02	2.225450e+00
2.551020e+03	1.070500e-02	2.230134e+00
2.554278e+03	1.073979e-02	2.234833e+00
2.557545e+03	1.094016e-02	2.239546e+00
2.560819e+03	1.212297e-02	2.244274e+00
2.564103e+03	1.208997e-02	2.249016e+00
2.567394e+03	1.137569e-02	2.253773e+00
2.570694e+03	1.044539e-02	2.258545e+00
2.574003e+03	1.025222e-02	2.263331e+00
2.577320e+03	9.867105e-03	2.268133e+00
2.580645e+03	1.018540e-02	2.272949e+00
2.583979e+03	1.105879e-02	2.277781e+00
2.587322e+03	1.213701e-02	2.282627e+00
2.590674e+03	1.194903e-02	2.287489e+00
2.594034e+03	1.268611e-02	2.292366e+00
2.597403e+03	1.312814e-02	2.297257e+00
2.600780e+03	1.302428e-02	2.302165e+00
2.604167e+03	1.328077e-02	2.307087e+00
2.607562e+03	1.135251e-02	2.312025e+00
2.610966e+03	1.412146e-02	2.316979e+00
2.614379e+03	1.395791e-02	2.321948e+00
2.617801e+03	1.414120e-02	2.326933e+00
2.621232e+03	1.133294e-02	2.331933e+00
2.624672e+03	1.201512e-02	2.336949e+00
2.628121e+03	1.352450e-02	2.341981e+00
2.631579e+03	1.429387e-02	2.347029e+00
2.635046e+03	1.282587e-02	2.352092e+00
2.638522e+03	1.118834e-02	2.357172e+00
2.642008e+03	1.267842e-02	2.362268e+00
2.645503e+03	1.373944e-02	2.367380e+00
2.649007e+03	1.295638e-02	2.372508e+00
2.652520e+03	1.302598e-02	2.377652e+00
2.656042e+03	1.217524e-02	2.382812e+00
2.659574e+03	1.258826e-02	2.387989e+00
2.663116e+03	1.273740e-02	2.393183e+00
2.666667e+03	1.312608e-02	2.398393e+00
2.670227e+03	1.455798e-02	2.403619e+00
2.673797e+03	1.243819e-02	2.408863e+00
2.677376e+03	1.203346e-02	2.414122e+00
2.680965e+03	1.296251e-02	2.419399e+00
2.684564e+03	1.491768e-02	2.424693e+00
2.688172e+03	1.443207e-02	2.430003e+00
2.691790e+03	1.279801e-02	2.435331e+00
2.695418e+03	1.295615e-02	2.440675e+00
2.699055e+03	1.486225e-02	2.446037e+00
2.702703e+03	1.497275e-02	2.451416e+00
2.706360e+03	1.390970e-02	2.456812e+00
2.710027e+03	1.326998e-02	2.462226e+00
2.713704e+03	1.288750e-02	2.467657e+00
2.717391e+03	1.134704e-02	2.473105e+00
2.721088e+03	6.559547e-03	2.478571e+00
2.724796e+03	1.070293e-02	2.484055e+00
2.728513e+03	1.385265e-02	2.489556e+00
2.732240e+03	1.470569e-02	2.495076e+00
2.735978e+03	1.475104e-02	2.500613e+00
2.739726e+03	1.356630e-02	2.506168e+00
2.743484e+03	1.416689e-02	2.511741e+00
2.747253e+03	1.530196e-02	2.517332e+00
2.751032e+03	1.369154e-02	2.522941e+00
2.754821e+03	1.319798e-02	2.528569e+00
2.758621e+03	1.353747e-02	2.534214e+00
2.762431e+03	1.531380e-02	2.539879e+00
2.766252e+03	1.245637e-02	2.545562e+00
2.770083e+03	1.243067e-02	2.551263e+00
2.773925e+03	1.354836e-02	2.556983e+00
2.777778e+03	1.338509e-02	2.562721e+00
2.781641e+03	1.257882e-02	2.568478e+00
2.785515e+03	1.226238e-02	2.574255e+00
2.789400e+03	1.186029e-02	2.580050e+00
2.793296e+03	1.314322e-02	2.585864e+00
2.797203e+03	1.112272e-02	2.591697e+00
2.801120e+03	1.069947e-02	2.597549e+00
2.805049e+03	1.388864e-02	2.603421e+00
2.808989e+03	1.377874e-02	2.609313e+00
2.812940e+03	1.153157e-02	2.615223e+00
2.816901e+03	1.337881e-02	2.621153e+00
2.820874e+03	1.208370e-02	2.627102e+00
2.824859e+03	1.140513e-02	2.633072e+00
2.828854e+03	1.190953e-02	2.639060e+00
2.832861e+03	1.397739e-02	2.645069e+00
2.836879e+03	1.431805e-02	2.651098e+00
2.840909e+03	1.514850e-02	2.657146e+00
2.844950e+03	1.432959e-02	2.663216e+00
2.849003e+03	1.487898e-02	2.669304e+00
2.853067e+03	1.464744e-02	2.675414e+00
2.857143e+03	1.473920e-02	2.681543e+00
2.861230e+03	1.512587e-02	2.687693e+00
2.865330e+03	1.281347e-02	2.693864e+00
2.869440e+03	1.483175e-02	2.700055e+00
2.873563e+03	1.372714e-02	2.706266e+00
2.877698e+03	1.334477e-02	2.712499e+00
2.881844e+03	1.491386e-02	2.718752e+00
2.886003e+03	1.190573e-02	2.725027e+00
2.890173e+03	1.515245e-02	2.731322e+00
2.894356e+03	1.001970e-02	2.737639e+00
2.898551e+03	1.341055e-02	2.743977e+00
2.902758e+03	1.356990e-02	2.750336e+00
2.906977e+03	9.606635e-03	2.756717e+00
2.911208e+03	1.377324e-02	2.763119e+00
2.915452e+03	1.033076e-02	2.769543e+00
2.919708e+03	1.186201e-02	2.775988e+00
2.923977e+03	1.556206e-02	2.782455e+00
2.928258e+03	8.576750e-03	2.788944e+00
2.932551e+03	8.319557e-03	2.795455e+00
2.936858e+03	5.224384e-03	2.801988e+00
2.941176e+03	1.460953e-02	2.808543e+00
2.945508e+03	1.111639e-02	2.815121e+00
2.949853e+03	1.144062e-02	2.821720e+00
2.954210e+03	8.668147e-03	2.828343e+00
2.958580e+03	5.897732e-03	2.834988e+00
2.962963e+03	9.726227e-03	2.841654e+00
2.967359e+03	4.516639e-03	2.848344e+00
2.971768e+03	8.219642e-03	2.855058e+00
2.976190e+03	5.971295e-03	2.861794e+00
2.980626e+03	4.124433e-03	2.868553e+00
2.985075e+03	9.090001e-03	2.875335e+00
2.989537e+03	3.996944e-03	2.882140e+00
2.994012e+03	3.893639e-03	2.888969e+00
2.998501e+03	1.017350e-02	2.895821e+00
3.003003e+03	5.213335e-03	2.902696e+00
3.007519e+03	3.923199e-03	2.909596e+00
3.012048e+03	6.668111e-05	2.916519e+00
3.016591e+03	1.787837e-05	2.923465e+00
3.021148e+03	4.334781e-03	2.930436e+00
3.025719e+03	4.341466e-03	2.937432e+00
3.030303e+03	1.954102e-03	2.944450e+00
3.034901e+03	1.339431e-03	2.951494e+00
3.039514e+03	9.558763e-03	2.958561e+00
3.044140e+03	1.211099e-02	2.965653e+00
3.048780e+03	3.108102e-03	2.972770e+00
3.053435e+03	6.409419e-03	2.979912e+00
3.058104e+03	1.314371e-03	2.987078e+00
3.062787e+03	2.631583e-03	2.994269e+00
3.067485e+03	1.313571e-03	3.001485e+00
3.072197e+03	1.062575e-02	3.008726e+00
3.076923e+03	2.778783e-03	3.015993e+00
3.081664e+03	7.802327e-04	3.023285e+00
3.086420e+03	3.969772e-03	3.030602e+00
3.091190e+03	7.705022e-03	3.037945e+00
3.095975e+03	3.589335e-04	3.045314e+00
3.100775e+03	2.086989e-04	3.052708e+00
3.105590e+03	1.684347e-03	3.060128e+00
3.110420e+03	5.192609e-04	3.067575e+00
3.115265e+03	1.418668e-04	3.075047e+00
3.120125e+03	3.213089e-04	3.082546e+00
3.125000e+03	4.534272e-04	3.090071e+00
3.129890e+03	2.776277e-03	3.097622e+00
3.134796e+03	4.357101e-03	3.105201e+00
3.139717e+03	8.282151e-03	3.112806e+00
3.144654e+03	1.085061e-02	3.120437e+00
3.149606e+03	9.400384e-03	3.128096e+00
3.154574e+03	1.270683e-02	3.135782e+00
3.159558e+03	1.418740e-02	3.143495e+00
3.164557e+03	9.315966e-03	3.151235e+00
3.169572e+03	5.670310e-03	3.159003e+00
3.174603e+03	6.693421e-03	3.166799e+00
3.179650e+03	3.251081e-03	3.174622e+00
3.184713e+03	3.313121e-03	3.182472e+00
3.189793e+03	1.137224e-02	3.190351e+00
3.194888e+03	5.706302e-03	3.198258e+00
3.200000e+03	2.990723e-03	3.206193e+00
3.205128e+03	9.665675e-03	3.214157e+00
3.210273e+03	2.225144e-03	3.222148e+00
3.215434e+03	8.271967e-04	3.230169e+00
3.220612e+03	8.985725e-04	3.238218e+00
3.225806e+03	4.277699e-03	3.246295e+00
3.231018e+03	6.347637e-04	3.254402e+00
3.236246e+03	2.299182e-03	3.262539e+00
3.241491e+03	1.701299e-03	3.270703e+00
3.246753e+03	3.476386e-03	3.278898e+00
3.252033e+03	5.761123e-03	3.287121e+00
3.257329e+03	1.668113e-03	3.295375e+00
3.262643e+03	2.767351e-03	3.303659e+00
3.267974e+03	5.970325e-03	3.311971e+00
3.273322e+03	2.734110e-04	3.320314e+00
3.278689e+03	9.717391e-04	3.328688e+00
3.284072e+03	3.949790e-03	3.337091e+00
3.289474e+03	1.893327e-03	3.345525e+00
3.294893e+03	2.329519e-03	3.353989e+00
3.300330e+03	5.645427e-03	3.362484e+00
3.305785e+03	6.949717e-03	3.371010e+00
3.311258e+03	5.850098e-04	3.379567e+00
3.316750e+03	5.111615e-03	3.388156e+00
3.322259e+03	6.280461e-03	3.396775e+00
3.327787e+03	2.642276e-03	3.405425e+00
3.333333e+03	7.149780e-03	3.414107e+00
3.338898e+03	3.882765e-03	3.422821e+00
3.344482e+03	9.303962e-03	3.431567e+00
3.350084e+03	6.281263e-03	3.440344e+00
3.355705e+03	1.203117e-03	3.449154e+00
3.361345e+03	7.655702e-04	3.457996e+00
3.367003e+03	3.146944e-04	3.466870e+00
3.372681e+03	6.620935e-03	3.475777e+00
3.378378e+03	4.078437e-03	3.484716e+00
3.384095e+03	2.065561e-03	3.493688e+00
3.389831e+03	4.606668e-03	3.502694e+00
3.395586e+03	1.272593e-03	3.511732e+00
3.401361e+03	1.424379e-03	3.520803e+00
3.407155e+03	5.661699e-03	3.529909e+00
3.412969e+03	5.117115e-03	3.539047e+00
3.418803e+03	9.388087e-04	3.548220e+00
3.424658e+03	2.499599e-03	3.557426e+00
3.430532e+03	1.082716e-03	3.566666e+00
3.436426e+03	2.334316e-03	3.575940e+00
3.442341e+03	9.482932e-05	3.585249e+00
3.448276e+03	6.911590e-04	3.594593e+00
3.454231e+03	2.261368e-03	3.603970e+00
3.460208e+03	1.575206e-04	3.613383e+00
3.466205e+03	3.820860e-04	3.622831e+00
3.472222e+03	2.076669e-04	3.632313e+00
3.478261e+03	3.278395e-04	3.641831e+00
3.484321e+03	5.265191e-06	3.651386e+00
3.490401e+03	1.393264e-04	3.660974e+00
3.496503e+03	2.099867e-05	3.670600e+00
3.502627e+03	3.702603e-07	3.680260e+00
3.508772e+03	9.509823e-07	3.689957e+00
3.514938e+03	3.324540e-05	3.699690e+00
3.521127e+03	1.600941e-07	3.709460e+00
3.527337e+03	1.730656e-10	3.719266e+00
3.533569e+03	3.161513e-06	3.729109e+00
3.539823e+03	1.421669e-07	3.738988e+00
3.546099e+03	1.653224e-11	3.748906e+00
3.552398e+03	2.299452e-10	3.758859e+00
3.558719e+03	3.213318e-10	3.768852e+00
3.565062e+03	5.368196e-14	3.778881e+00
3.571429e+03	1.306536e-12	3.788947e+00
3.577818e+03	2.858498e-16	3.799053e+00
3.584229e+03	9.570551e-17	3.809195e+00
3.590664e+03	3.044706e-27	3.819377e+00
3.597122e+03	3.750747e-34	3.829596e+00
3.603604e+03	3.107972e-38	3.839855e+00
3.610108e+03	6.485749e-24	3.850153e+00
3.616637e+03	2.064287e-27	3.860489e+00
3.623188e+03	0.000000e+00	3.870864e+00
3.629764e+03	5.105203e-44	3.881279e+00
3.636364e+03	1.267324e-28	3.891733e+00
3.642987e+03	9.964317e-24	3.902227e+00
3.649635e+03	1.759406e-27	3.912761e+00
3.656307e+03	4.123175e-21	3.923334e+00
3.663004e+03	4.540977e-19	3.933949e+00
3.669725e+03	5.427686e-22	3.944603e+00
3.676471e+03	4.146951e-45	3.955299e+00
3.683241e+03	2.841534e-26	3.966034e+00
3.690037e+03	8.254034e-36	3.976812e+00
3.696858e+03	2.141913e-42	3.987630e+00
3.703704e+03	0.000000e+00	3.998489e+00
3.710575e+03	5.157765e-33	4.009391e+00
3.717472e+03	7.364903e-30	4.020333e+00
3.724395e+03	0.000000e+00	4.031318e+00
3.731343e+03	0.000000e+00	4.042345e+00
3.738318e+03	0.000000e+00	4.053414e+00
3.745318e+03	0.000000e+00	4.064525e+00
3.752345e+03	7.844408e-38	4.075680e+00
3.759398e+03	1.831165e-25	4.086877e+00
3.766478e+03	9.189109e-28	4.098117e+00
3.773585e+03	9.962119e-20	4.109401e+00
3.780718e+03	6.246891e-19	4.120728e+00
3.787879e+03	8.124463e-17	4.132099e+00
3.795066e+03	2.688347e-16	4.143514e+00
3.802281e+03	1.938530e-45	4.154973e+00
3.809524e+03	2.644484e-28	4.166475e+00
3.816794e+03	3.847908e-29	4.178023e+00
3.824092e+03	7.594533e-38	4.189615e+00
3.831418e+03	4.017095e-34	4.201252e+00
3.838772e+03	3.908208e-35	4.212934e+00
3.846154e+03	3.011986e-28	4.224661e+00
3.853565e+03	1.526334e-33	4.236434e+00
3.861004e+03	3.647127e-31	4.248253e+00
3.868472e+03	1.140255e-34	4.260117e+00
3.875969e+03	2.524972e-22	4.272027e+00
3.883495e+03	7.100073e-28	4.283985e+00
3.891051e+03	1.000708e-18	4.295988e+00
3.898635e+03	1.042544e-14	4.308038e+00
3.906250e+03	2.021261e-11	4.320135e+00
3.913894e+03	6.774132e-10	4.332279e+00
3.921569e+03	1.824992e-13	4.344471e+00
3.929273e+03	3.463200e-11	4.356710e+00
3.937008e+03	2.420705e-07	4.368997e+00
3.944773e+03	1.119127e-07	4.381332e+00
3.952569e+03	4.050426e-07	4.393715e+00
3.960396e+03	2.626375e-05	4.406147e+00
3.968254e+03	2.341964e-04	4.418627e+00
3.976143e+03	3.266599e-04	4.431156e+00
3.984064e+03	1.389991e-03	4.443734e+00
3.992016e+03	9.490348e-04	4.456362e+00
4.000000e+03	4.395500e-03	4.469039e+00
4.008016e+03	1.783283e-03	4.481766e+00
4.016064e+03	2.167369e-03	4.494542e+00
4.024145e+03	3.448246e-03	4.507369e+00
4.032258e+03	4.920074e-03	4.520247e+00
4.040404e+03	1.002642e-02	4.533174e+00
4.048583e+03	1.014885e-02	4.546153e+00
4.056795e+03	1.458841e-02	4.559184e+00
4.065041e+03	2.006529e-02	4.572265e+00
4.073320e+03	1.488374e-02	4.585397e+00
4.081633e+03	8.117181e-03	4.598582e+00
4.089980e+03	1.234881e-02	4.611819e+00
4.098361e+03	2.555642e-02	4.625108e+00
4.106776e+03	8.754501e-03	4.638449e+00
4.115226e+03	2.640967e-02	4.651844e+00
4.123711e+03	1.928963e-02	4.665290e+00
4.132231e+03	1.543630e-02	4.678791e+00
4.140787e+03	1.578083e-02	4.692343e+00
4.149378e+03	1.945946e-02	4.705951e+00
4.158004e+03	1.925271e-02	4.719612e+00
4.166667e+03	2.518618e-02	4.733327e+00
4.175365e+03	2.305825e-02	4.747096e+00
4.184100e+03	2.099083e-02	4.760920e+00
4.192872e+03	1.736331e-02	4.774799e+00
4.201681e+03	2.386298e-02	4.788733e+00
4.210526e+03	2.465179e-02	4.802721e+00
4.219409e+03	1.713941e-02	4.816766e+00
4.228330e+03	2.735590e-02	4.830866e+00
4.237288e+03	2.769428e-02	4.845022e+00
4.246285e+03	2.605966e-02	4.859235e+00
4.255319e+03	2.270576e-02	4.873504e+00
4.264392e+03	2.797299e-02	4.887830e+00
4.273504e+03	2.484061e-02	4.902212e+00
4.282655e+03	3.127505e-02	4.916652e+00
4.291845e+03	3.052725e-02	4.931149e+00
4.301075e+03	3.006933e-02	4.945704e+00
4.310345e+03	2.771344e-02	4.960317e+00
4.319654e+03	3.083055e-02	4.974988e+00
4.329004e+03	3.371828e-02	4.989717e+00
4.338395e+03	3.110457e-02	5.004505e+00
4.347826e+03	3.078410e-02	5.019353e+00
4.357298e+03	3.191975e-02	5.034259e+00
4.366812e+03	3.279345e-02	5.049224e+00
4.376368e+03	3.257470e-02	5.064249e+00
4.385965e+03	3.407603e-02	5.079334e+00
4.395604e+03	3.276636e-02	5.094479e+00
4.405286e+03	3.304967e-02	5.109685e+00
4.415011e+03	3.455463e-02	5.124951e+00
4.424779e+03	3.378320e-02	5.140278e+00
4.434590e+03	3.400102e-02	5.155665e+00
4.444444e+03	3.596096e-02	5.171115e+00
4.454343e+03	3.523532e-02	5.186627e+00
4.464286e+03	3.619697e-02	5.202199e+00
4.474273e+03	3.661000e-02	5.217834e+00
4.484305e+03	3.716099e-02	5.233532e+00
4.494382e+03	3.683265e-02	5.249293e+00
4.504505e+03	3.776682e-02	5.265115e+00
4.514673e+03	3.688942e-02	5.281001e+00
4.524887e+03	3.818096e-02	5.296951e+00
4.535147e+03	3.546701e-02	5.312964e+00
4.545455e+03	3.396470e-02	5.329040e+00
4.555809e+03	3.750013e-02	5.345182e+00
4.566210e+03	3.736402e-02	5.361387e+00
4.576659e+03	3.507050e-02	5.377657e+00
4.587156e+03	3.830292e-02	5.393992e+00
4.597701e+03	3.749351e-02	5.410392e+00
4.608295e+03	3.803661e-02	5.426857e+00
4.618938e+03	3.523621e-02	5.443388e+00
4.629630e+03	3.868342e-02	5.459984e+00
4.640371e+03	3.880826e-02	5.476648e+00
4.651163e+03	3.853732e-02	5.493377e+00
4.662005e+03	4.054975e-02	5.510172e+00
4.672897e+03	4.093704e-02	5.527035e+00
4.683841e+03	4.042188e-02	5.543964e+00
4.694836e+03	4.011618e-02	5.560962e+00
4.705882e+03	3.942276e-02	5.578026e+00
4.716981e+03	3.877813e-02	5.595158e+00
4.728132e+03	4.039680e-02	5.612359e+00
4.739336e+03	3.932095e-02	5.629628e+00
4.750594e+03	4.066396e-02	5.646966e+00
4.761905e+03	3.742723e-02	5.664371e+00
4.773270e+03	3.880820e-02	5.681847e+00
4.784689e+03	3.834274e-02	5.699390e+00
4.796163e+03	3.645018e-02	5.717005e+00
4.807692e+03	3.700283e-02	5.734688e+00
4.819277e+03	3.285407e-02	5.752441e+00
4.830918e+03	2.772973e-02	5.770266e+00
4.842615e+03	2.599557e-02	5.788160e+00
4.854369e+03	2.892310e-02	5.806124e+00
4.866180e+03	2.284234e-02	5.824161e+00
4.878049e+03	2.811136e-02	5.842268e+00
4.889976e+03	3.748600e-02	5.860446e+00
4.901961e+03	3.676524e-02	5.878695e+00
4.914005e+03	3.926213e-02	5.897017e+00
4.926108e+03	3.439303e-02	5.915410e+00
4.938272e+03	2.984394e-02	5.933876e+00
4.950495e+03	1.805128e-02	5.952415e+00
4.962779e+03	1.064104e-02	5.971026e+00
4.975124e+03	1.578507e-02	5.989711e+00
4.987531e+03	5.928331e-03	6.008468e+00
5.000000e+03	1.499640e-02	6.027298e+00
5.012531e+03	3.175543e-02	6.046202e+00
5.025126e+03	3.331395e-02	6.065179e+00
5.037783e+03	3.216209e-02	6.084231e+00
5.050505e+03	2.910270e-02	6.103358e+00
5.063291e+03	2.602887e-02	6.122557e+00
5.076142e+03	1.864966e-02	6.141832e+00
5.089059e+03	1.085545e-02	6.161182e+00
5.102041e+03	8.285947e-03	6.180607e+00
5.115090e+03	3.778454e-03	6.200106e+00
5.128205e+03	6.267280e-03	6.219682e+00
5.141388e+03	4.050485e-03	6.239332e+00
5.154639e+03	1.217788e-03	6.259059e+00
5.167959e+03	1.326504e-03	6.278861e+00
5.181347e+03	2.029102e-04	6.298739e+00
5.194805e+03	3.421255e-04	6.318692e+00
5.208333e+03	1.638642e-04	6.338724e+00
5.221932e+03	7.214532e-06	6.358831e+00
5.235602e+03	8.290672e-06	6.379015e+00
5.249344e+03	2.024923e-07	6.399276e+00
5.263158e+03	3.065468e-07	6.419614e+00
5.277045e+03	4.576043e-05	6.440029e+00
5.291005e+03	7.842903e-05	6.460521e+00
5.305040e+03	1.532470e-05	6.481091e+00
5.319149e+03	2.690491e-05	6.501739e+00
5.333333e+03	1.557281e-10	6.522464e+00
5.347594e+03	9.143694e-11	6.543267e+00
5.361930e+03	5.789158e-06	6.564147e+00
5.376344e+03	3.777883e-06	6.585106e+00
5.390836e+03	9.564329e-08	6.606144e+00
5.405405e+03	1.004435e-06	6.627259e+00
5.420054e+03	2.086599e-06	6.648453e+00
5.434783e+03	2.076625e-08	6.669725e+00
5.449591e+03	2.114079e-06	6.691076e+00
5.464481e+03	1.704456e-06	6.712505e+00
5.479452e+03	4.150958e-04	6.734013e+00
5.494505e+03	3.199050e-04	6.755601e+00
5.509642e+03	1.057216e-03	6.777266e+00
5.524862e+03	3.104498e-03	6.799011e+00
5.540166e+03	4.719249e-03	6.820834e+00
5.555556e+03	1.008029e-02	6.842737e+00
5.571031e+03	1.477750e-02	6.864719e+00
5.586592e+03	2.782152e-02	6.886779e+00
5.602241e+03	2.396073e-02	6.908917e+00
5.617978e+03	3.109563e-02	6.931137e+00
5.633803e+03	3.532796e-02	6.953435e+00
5.649718e+03	4.333114e-02	6.975811e+00
5.665722e+03	4.039512e-02	6.998267e+00
5.681818e+03	4.834734e-02	7.020802e+00
5.698006e+03	4.598785e-02	7.043416e+00
5.714286e+03	4.949613e-02	7.066109e+00
5.730659e+03	4.599510e-02	7.088880e+00
5.747126e+03	4.966778e-02	7.111729e+00
5.763689e+03	4.743513e-02	7.134658e+00
5.780347e+03	5.081645e-02	7.157666e+00
5.797101e+03	5.167768e-02	7.180753e+00
5.813953e+03	5.393459e-02	7.203916e+00
5.830904e+03	5.438325e-02	7.227159e+00
5.847953e+03	5.355782e-02	7.250481e+00
5.865103e+03	5.603291e-02	7.273879e+00
5.875441e+03	5.757108e-02	7.287956e+00
5.882353e+03	5.625096e-02	7.297356e+00
5.885815e+03	5.780130e-02	7.302061e+00
5.889282e+03	5.826090e-02	7.306769e+00
5.892752e+03	5.082575e-02	7.311479e+00
5.896226e+03	5.862999e-02	7.316194e+00
5.899705e+03	5.868728e-02	7.320911e+00
5.903188e+03	5.724924e-02	7.325631e+00
5.906675e+03	5.900747e-02	7.330353e+00
5.910165e+03	5.775542e-02	7.335079e+00
5.913661e+03	5.378112e-02	7.339810e+00
5.917160e+03	5.709630e-02	7.344543e+00
5.920663e+03	5.756220e-02	7.349278e+00
5.924171e+03	5.831182e-02	7.354016e+00
5.927682e+03	5.677993e-02	7.358759e+00
5.931198e+03	5.820500e-02	7.363503e+00
5.934718e+03	5.895083e-02	7.368251e+00
5.938242e+03	5.468381e-02	7.373003e+00
5.941771e+03	5.766098e-02	7.377758e+00
5.945303e+03	5.610153e-02	7.382515e+00
5.948840e+03	5.350861e-02	7.387276e+00
5.952381e+03	5.649598e-02	7.392039e+00
5.955926e+03	5.846973e-02	7.396804e+00
5.959476e+03	5.734140e-02	7.401574e+00
5.963029e+03	5.812522e-02	7.406347e+00
5.966587e+03	5.781996e-02	7.411123e+00
5.970149e+03	5.833736e-02	7.415902e+00
5.973716e+03	5.885340e-02	7.420683e+00
5.977286e+03	5.892305e-02	7.425469e+00
5.980861e+03	5.753871e-02	7.430257e+00
5.984440e+03	5.945798e-02	7.435047e+00
5.988024e+03	6.016494e-02	7.439841e+00
5.991612e+03	5.832686e-02	7.444639e+00
5.995204e+03	5.809562e-02	7.449439e+00
5.998800e+03	5.697278e-02	7.454243e+00
6.002401e+03	4.832521e-02	7.459049e+00
6.006006e+03	5.712724e-02	7.463858e+00
6.009615e+03	5.952573e-02	7.468670e+00
6.013229e+03	5.981926e-02	7.473486e+00
6.016847e+03	5.887171e-02	7.478305e+00
6.020470e+03	6.007275e-02	7.483126e+00
6.024096e+03	5.985439e-02	7.487951e+00
6.027728e+03	5.921257e-02	7.492778e+00
6.031363e+03	6.011984e-02	7.497608e+00
6.035003e+03	5.934171e-02	7.502442e+00
6.038647e+03	5.894377e-02	7.507279e+00
6.042296e+03	5.921498e-02	7.512119e+00
6.045949e+03	5.742541e-02	7.516962e+00
6.049607e+03	5.918671e-02	7.521808e+00
6.053269e+03	5.936893e-02	7.526657e+00
6.056935e+03	5.528197e-02	7.531508e+00
6.060606e+03	5.962819e-02	7.536364e+00
6.064281e+03	5.781293e-02	7.541221e+00
6.067961e+03	5.718879e-02	7.546082e+00
6.071645e+03	6.004360e-02	7.550945e+00
6.075334e+03	5.729391e-02	7.555811e+00
6.079027e+03	5.741103e-02	7.560682e+00
6.082725e+03	5.873856e-02	7.565555e+00
6.086427e+03	5.652376e-02	7.570431e+00
6.090134e+03	5.787855e-02	7.575309e+00
6.093845e+03	5.748762e-02	7.580191e+00
6.097561e+03	5.624760e-02	7.585075e+00
6.101281e+03	5.751413e-02	7.589964e+00
6.105006e+03	5.739836e-02	7.594854e+00
6.108735e+03	5.912642e-02	7.599748e+00
6.112469e+03	6.123555e-02	7.604644e+00
6.116208e+03	6.071429e-02	7.609545e+00
6.119951e+03	6.041576e-02	7.614447e+00
6.123699e+03	6.030451e-02	7.619353e+00
6.127451e+03	6.166093e-02	7.624261e+00
6.131208e+03	6.154548e-02	7.629173e+00
6.134969e+03	6.106619e-02	7.634087e+00
6.138735e+03	6.224380e-02	7.639004e+00
6.142506e+03	6.214090e-02	7.643925e+00
6.146281e+03	6.193752e-02	7.648848e+00
6.150062e+03	6.158645e-02	7.653775e+00
6.153846e+03	6.102220e-02	7.658704e+00
6.157635e+03	6.219460e-02	7.663636e+00
6.161429e+03	6.205745e-02	7.668571e+00
6.165228e+03	6.072343e-02	7.673509e+00
6.169031e+03	5.981825e-02	7.678450e+00
6.172840e+03	5.979171e-02	7.683393e+00
6.176652e+03	6.137448e-02	7.688342e+00
6.180470e+03	6.194008e-02	7.693290e+00
6.184292e+03	5.960968e-02	7.698244e+00
6.188119e+03	5.848356e-02	7.703198e+00
6.191950e+03	6.108463e-02	7.708156e+00
6.195787e+03	6.033692e-02	7.713118e+00
6.199628e+03	5.996297e-02	7.718082e+00
6.203474e+03	5.826455e-02	7.723050e+00
6.207325e+03	5.719828e-02	7.728019e+00
6.211180e+03	5.481255e-02	7.732992e+00
6.215040e+03	5.718320e-02	7.737967e+00
6.218905e+03	5.777149e-02	7.742947e+00
6.222775e+03	5.845890e-02	7.747928e+00
6.226650e+03	6.049082e-02	7.752913e+00
6.230530e+03	5.927434e-02	7.757899e+00
6.234414e+03	5.710880e-02	7.762890e+00
6.238303e+03	5.592754e-02	7.767883e+00
6.242197e+03	5.589628e-02	7.772879e+00
6.246096e+03	5.559839e-02	7.777878e+00
6.250000e+03	5.922048e-02	7.782880e+00
6.253909e+03	6.011295e-02	7.787883e+00
6.257822e+03	6.305614e-02	7.792891e+00
6.261741e+03	6.117156e-02	7.797901e+00
6.265664e+03	6.049893e-02	7.802915e+00
6.269592e+03	6.381178e-02	7.807930e+00
6.273526e+03	6.324141e-02	7.812947e+00
6.277464e+03	6.367469e-02	7.817969e+00
6.281407e+03	6.209944e-02	7.822994e+00
6.285355e+03	5.949270e-02	7.828021e+00
6.289308e+03	5.937496e-02	7.833050e+00
6.293266e+03	5.697989e-02	7.838082e+00
6.297229e+03	6.150029e-02	7.843119e+00
6.301197e+03	6.190391e-02	7.848157e+00
6.305170e+03	6.247741e-02	7.853198e+00
6.309148e+03	6.314478e-02	7.858242e+00
6.313131e+03	6.070410e-02	7.863288e+00
6.317119e+03	6.026914e-02	7.868337e+00
6.321113e+03	5.883404e-02	7.873389e+00
6.325111e+03	6.040189e-02	7.878444e+00
6.329114e+03	5.934442e-02	7.883502e+00
6.333122e+03	5.735701e-02	7.888562e+00
6.337136e+03	5.690838e-02	7.893626e+00
6.341154e+03	5.221059e-02	7.898690e+00
6.345178e+03	5.956095e-02	7.903760e+00
6.349206e+03	5.778368e-02	7.908831e+00
6.353240e+03	5.813150e-02	7.913905e+00
6.357279e+03	5.629098e-02	7.918981e+00
6.361323e+03	5.710412e-02	7.924062e+00
6.365372e+03	5.639474e-02	7.929143e+00
6.369427e+03	5.791776e-02	7.934229e+00
6.373486e+03	6.089412e-02	7.939316e+00
6.377551e+03	6.145822e-02	7.944407e+00
6.381621e+03	6.277703e-02	7.949500e+00
6.385696e+03	6.254979e-02	7.954596e+00
6.389776e+03	6.361862e-02	7.959695e+00
6.393862e+03	6.243660e-02	7.964794e+00
6.397953e+03	6.331443e-02	7.969898e+00
6.402049e+03	6.344326e-02	7.975004e+00
6.406150e+03	6.394443e-02	7.980115e+00
6.410256e+03	6.283799e-02	7.985226e+00
6.414368e+03	6.332375e-02	7.990341e+00
6.418485e+03	6.333721e-02	7.995458e+00
6.422608e+03	6.376017e-02	8.000578e+00
6.426735e+03	6.190603e-02	8.005700e+00
6.430868e+03	6.288074e-02	8.010824e+00
6.435006e+03	6.212854e-02	8.015952e+00
6.439150e+03	6.358976e-02	8.021082e+00
6.443299e+03	6.362592e-02	8.026215e+00
6.447453e+03	6.325047e-02	8.031350e+00
6.451613e+03	6.300796e-02	8.036488e+00
6.455778e+03	6.374729e-02	8.041628e+00
6.459948e+03	6.211220e-02	8.046772e+00
6.464124e+03	6.350859e-02	8.051919e+00
6.468305e+03	6.382805e-02	8.057066e+00
6.472492e+03	6.426349e-02	8.062217e+00
6.476684e+03	6.303842e-02	8.067370e+00
6.480881e+03	6.294727e-02	8.072526e+00
6.485084e+03	6.221420e-02	8.077685e+00
6.489293e+03	6.207654e-02	8.082846e+00
6.493506e+03	6.103787e-02	8.088010e+00
6.497726e+03	6.281081e-02	8.093177e+00
6.501951e+03	6.251159e-02	8.098345e+00
6.506181e+03	6.273980e-02	8.103515e+00
6.510417e+03	6.294366e-02	8.108690e+00
6.514658e+03	6.108278e-02	8.113866e+00
6.518905e+03	6.146914e-02	8.119045e+00
6.523157e+03	6.325970e-02	8.124226e+00
6.527415e+03	6.346118e-02	8.129410e+00
6.531679e+03	6.141178e-02	8.134596e+00
6.535948e+03	5.802857e-02	8.139785e+00
6.540222e+03	6.185927e-02	8.144975e+00
6.544503e+03	6.332401e-02	8.150170e+00
6.548788e+03	5.938447e-02	8.155366e+00
6.553080e+03	6.049202e-02	8.160565e+00
6.557377e+03	5.846621e-02	8.165766e+00
6.561680e+03	6.211265e-02	8.170968e+00
6.565988e+03	6.307263e-02	8.176174e+00
6.570302e+03	5.934137e-02	8.181382e+00
6.574622e+03	6.178507e-02	8.186593e+00
6.578947e+03	5.934956e-02	8.191805e+00
6.583278e+03	5.477444e-02	8.197021e+00
6.587615e+03	5.643059e-02	8.202239e+00
6.591958e+03	5.572341e-02	8.207459e+00
6.596306e+03	5.732540e-02	8.212682e+00
6.600660e+03	5.922599e-02	8.217906e+00
6.605020e+03	5.026786e-02	8.223134e+00
6.609385e+03	5.389619e-02	8.228363e+00
6.613757e+03	5.787374e-02	8.233596e+00
6.618134e+03	5.869904e-02	8.238830e+00
6.622517e+03	5.989595e-02	8.244066e+00
6.626905e+03	4.137228e-02	8.249305e+00
6.631300e+03	5.368155e-02	8.254547e+00
6.635700e+03	5.627432e-02	8.259790e+00
6.640106e+03	5.675987e-02	8.265035e+00
6.644518e+03	4.050997e-02	8.270284e+00
6.648936e+03	3.525578e-02	8.275534e+00
6.653360e+03	4.059891e-02	8.280787e+00
6.657790e+03	5.118422e-02	8.286041e+00
6.662225e+03	5.808687e-02	8.291299e+00
6.666667e+03	5.476275e-02	8.296557e+00
6.671114e+03	4.750385e-02	8.301819e+00
6.675567e+03	4.137270e-02	8.307084e+00
6.680027e+03	4.974592e-02	8.312350e+00
6.684492e+03	3.666989e-02	8.317618e+00
6.688963e+03	3.966052e-02	8.322889e+00
6.693440e+03	4.418092e-02	8.328160e+00
6.697924e+03	3.934494e-02	8.333436e+00
6.702413e+03	3.558586e-02	8.338713e+00
6.706908e+03	4.273206e-02	8.343992e+00
6.711409e+03	3.772616e-02	8.349273e+00
6.715917e+03	4.089036e-02	8.354556e+00
6.720430e+03	2.029352e-02	8.359842e+00
6.724950e+03	1.305518e-02	8.365130e+00
6.729475e+03	2.651602e-02	8.370419e+00
6.734007e+03	2.683318e-02	8.375712e+00
6.738544e+03	2.945517e-02	8.381006e+00
6.743088e+03	3.178852e-02	8.386302e+00
6.747638e+03	1.251180e-02	8.391601e+00
6.752194e+03	2.461170e-02	8.396900e+00
6.756757e+03	1.293716e-02	8.402203e+00
6.761325e+03	2.554931e-02	8.407508e+00
6.765900e+03	1.350557e-02	8.412814e+00
6.770481e+03	1.481607e-02	8.418123e+00
6.775068e+03	1.459363e-02	8.423434e+00
6.779661e+03	3.906117e-02	8.428746e+00
6.784261e+03	2.058936e-02	8.434060e+00
6.788866e+03	1.483400e-02	8.439377e+00
6.793478e+03	9.873168e-03	8.444696e+00
6.798097e+03	3.763785e-03	8.450015e+00
6.802721e+03	1.045811e-02	8.455338e+00
6.807352e+03	1.992748e-02	8.460663e+00
6.811989e+03	1.614716e-02	8.465988e+00
6.816633e+03	7.559858e-03	8.471316e+00
6.821282e+03	1.364671e-02	8.476647e+00
6.825939e+03	1.951155e-02	8.481979e+00
6.830601e+03	3.165648e-02	8.487314e+00
6.835270e+03	9.012238e-03	8.492649e+00
6.839945e+03	2.716264e-02	8.497988e+00
6.844627e+03	1.875945e-02	8.503327e+00
6.849315e+03	1.772660e-02	8.508668e+00
6.854010e+03	3.376088e-02	8.514012e+00
6.858711e+03	2.821527e-02	8.519357e+00
6.863418e+03	2.417076e-02	8.524704e+00
6.868132e+03	1.826494e-02	8.530053e+00
6.872852e+03	1.363555e-02	8.535404e+00
6.877579e+03	2.829533e-02	8.540756e+00
6.882312e+03	1.684808e-02	8.546111e+00
6.887052e+03	1.280120e-02	8.551467e+00
6.891799e+03	2.311730e-03	8.556825e+00
6.896552e+03	5.613465e-03	8.562184e+00
6.901311e+03	2.086457e-02	8.567545e+00
6.906077e+03	2.359631e-02	8.572908e+00
6.910850e+03	7.383817e-03	8.578272e+00
6.915629e+03	4.702888e-03	8.583639e+00
6.920415e+03	1.011314e-02	8.589007e+00
6.925208e+03	1.254063e-02	8.594376e+00
6.930007e+03	9.134410e-03	8.599748e+00
6.934813e+03	7.351799e-03	8.605122e+00
6.939625e+03	6.428578e-03	8.610496e+00
6.944444e+03	7.993106e-03	8.615873e+00
6.949270e+03	1.028569e-02	8.621250e+00
6.954103e+03	2.670207e-03	8.626630e+00
6.958942e+03	6.005962e-03	8.632011e+00
6.963788e+03	7.696980e-03	8.637394e+00
6.968641e+03	4.292866e-03	8.642779e+00
6.973501e+03	4.195583e-03	8.648164e+00
6.978367e+03	7.160516e-03	8.653552e+00
6.983240e+03	5.028950e-04	8.658942e+00
6.988120e+03	9.991435e-03	8.664331e+00
6.993007e+03	1.225140e-02	8.669724e+00
6.997901e+03	7.552489e-03	8.675117e+00
7.002801e+03	9.045820e-04	8.680511e+00
7.007708e+03	9.811033e-03	8.685908e+00
7.012623e+03	5.496892e-03	8.691306e+00
7.017544e+03	5.105397e-03	8.696705e+00
7.022472e+03	3.348061e-03	8.702107e+00
7.027407e+03	1.815875e-03	8.707508e+00
7.032349e+03	9.104029e-03	8.712912e+00
7.037298e+03	1.799487e-03	8.718317e+00
7.042254e+03	1.621932e-03	8.723724e+00
7.047216e+03	4.198476e-04	8.729131e+00
7.052186e+03	2.650536e-03	8.734539e+00
7.057163e+03	2.295218e-03	8.739951e+00
7.062147e+03	6.929674e-03	8.745361e+00
7.067138e+03	3.574773e-05	8.750775e+00
7.072136e+03	7.069664e-05	8.756189e+00
7.077141e+03	4.530215e-03	8.761605e+00
7.082153e+03	5.113953e-04	8.767022e+00
7.087172e+03	4.090148e-04	8.772440e+00
7.092199e+03	9.012455e-05	8.777859e+00
7.097232e+03	1.194325e-04	8.783279e+00
7.102273e+03	3.176502e-04	8.788701e+00
7.107321e+03	3.356891e-05	8.794124e+00
7.112376e+03	3.926194e-04	8.799547e+00
7.117438e+03	6.987061e-08	8.804973e+00
7.122507e+03	1.414446e-04	8.810399e+00
7.127584e+03	4.548600e-04	8.815827e+00
7.132668e+03	3.502117e-04	8.821256e+00
7.137759e+03	2.005786e-09	8.826686e+00
7.142857e+03	6.176548e-10	8.832116e+00
7.147963e+03	1.542959e-04	8.837548e+00
7.153076e+03	2.409585e-04	8.842980e+00
7.158196e+03	9.290635e-06	8.848415e+00
7.163324e+03	1.195365e-09	8.853849e+00
7.168459e+03	1.267582e-07	8.859284e+00
7.173601e+03	1.423770e-05	8.864722e+00
7.178751e+03	2.180677e-05	8.870160e+00
7.183908e+03	4.469222e-06	8.875600e+00
7.189073e+03	6.451861e-05	8.881039e+00
7.194245e+03	9.242394e-05	8.886479e+00
7.199424e+03	1.086941e-04	8.891922e+00
7.204611e+03	7.520650e-07	8.897364e+00
7.209805e+03	3.710566e-05	8.902807e+00
7.215007e+03	4.695106e-07	8.908252e+00
7.220217e+03	3.885365e-07	8.913697e+00
7.225434e+03	1.145098e-07	8.919142e+00
7.230658e+03	8.158192e-09	8.924589e+00
7.235890e+03	4.750745e-07	8.930037e+00
7.241130e+03	4.382275e-07	8.935485e+00
7.246377e+03	1.505276e-05	8.940934e+00
7.251632e+03	9.609562e-06	8.946384e+00
7.256894e+03	2.039591e-04	8.951834e+00
7.262164e+03	2.253170e-05	8.957286e+00
7.267442e+03	4.721133e-05	8.962738e+00
7.272727e+03	5.919358e-05	8.968190e+00
7.278020e+03	3.275465e-05	8.973643e+00
7.283321e+03	8.104358e-06	8.979097e+00
7.288630e+03	5.011471e-07	8.984551e+00
7.293946e+03	3.590302e-09	8.990007e+00
7.299270e+03	5.305246e-08	8.995463e+00
7.304602e+03	9.372304e-08	9.000918e+00
7.309942e+03	2.678195e-14	9.006375e+00
7.315289e+03	8.999793e-07	9.011833e+00
7.320644e+03	2.309867e-06	9.017291e+00
7.326007e+03	1.636526e-12	9.022749e+00
7.331378e+03	2.446552e-07	9.028207e+00
7.336757e+03	5.673627e-07	9.033666e+00
7.342144e+03	3.244286e-12	9.039126e+00
7.347539e+03	8.625518e-10	9.044586e+00
7.352941e+03	3.829782e-07	9.050047e+00
7.358352e+03	1.312024e-07	9.055508e+00
7.363770e+03	7.482695e-07	9.060968e+00
7.369197e+03	1.278500e-05	9.066430e+00
7.374631e+03	8.548100e-06	9.071892e+00
7.380074e+03	6.397996e-07	9.077355e+00
7.385524e+03	5.142635e-05	9.082816e+00
7.390983e+03	1.700965e-05	9.088280e+00
7.396450e+03	2.679890e-04	9.093743e+00
7.401925e+03	8.169417e-04	9.099206e+00
7.407407e+03	2.822688e-03	9.104669e+00
7.412898e+03	2.841983e-03	9.110133e+00
7.418398e+03	8.333602e-04	9.115596e+00
7.423905e+03	1.053410e-02	9.121060e+00
7.429421e+03	1.017985e-02	9.126524e+00
7.434944e+03	1.903275e-02	9.131987e+00
7.440476e+03	1.318950e-02	9.137452e+00
7.446016e+03	2.211093e-02	9.142915e+00
7.451565e+03	3.088473e-02	9.148381e+00
7.457122e+03	2.952598e-02	9.153845e+00
7.462687e+03	2.911745e-02	9.159308e+00
7.468260e+03	3.053882e-02	9.164772e+00
7.473842e+03	3.070447e-02	9.170236e+00
7.479432e+03	2.833654e-02	9.175701e+00
7.485030e+03	3.153911e-02	9.181165e+00
7.490637e+03	3.964381e-02	9.186628e+00
7.496252e+03	2.901032e-02	9.192092e+00
7.501875e+03	3.472930e-02	9.197555e+00
7.507508e+03	2.492075e-02	9.203019e+00
7.513148e+03	2.471505e-02	9.208482e+00
7.518797e+03	3.900778e-02	9.213946e+00
7.524454e+03	3.019742e-02	9.219408e+00
7.530120e+03	3.977764e-02	9.224870e+00
7.535795e+03	4.506746e-02	9.230332e+00
7.541478e+03	4.739609e-02	9.235794e+00
7.547170e+03	5.432430e-02	9.241255e+00
7.552870e+03	4.422934e-02	9.246717e+00
7.558579e+03	3.918286e-02	9.252177e+00
7.564297e+03	5.072303e-02	9.257637e+00
7.570023e+03	5.005476e-02	9.263097e+00
7.575758e+03	4.332303e-02	9.268556e+00
7.581501e+03	4.489105e-02	9.274015e+00
7.587253e+03	5.556017e-02	9.279474e+00
7.593014e+03	5.198090e-02	9.284933e+00
7.598784e+03	5.388324e-02	9.290389e+00
7.604563e+03	4.746204e-02	9.295846e+00
7.610350e+03	4.780944e-02	9.301301e+00
7.616146e+03	5.187250e-02	9.306757e+00
7.621951e+03	5.505891e-02	9.312212e+00
7.627765e+03	5.501970e-02	9.317666e+00
7.633588e+03	4.960902e-02	9.323120e+00
7.639419e+03	6.309380e-02	9.328572e+00
7.645260e+03	5.693242e-02	9.334025e+00
7.651109e+03	5.015761e-02	9.339475e+00
7.656968e+03	6.285780e-02	9.344926e+00
7.662835e+03	6.264237e-02	9.350376e+00
7.668712e+03	4.905530e-02	9.355824e+00
7.674597e+03	5.636217e-02	9.361271e+00
7.680492e+03	6.363626e-02	9.366718e+00
7.686395e+03	5.878065e-02	9.372165e+00
7.692308e+03	5.721495e-02	9.377609e+00
7.698229e+03	6.602294e-02	9.383054e+00
7.704160e+03	6.324080e-02	9.388496e+00
7.710100e+03	5.985804e-02	9.393939e+00
7.716049e+03	6.268663e-02	9.399380e+00
7.722008e+03	6.507025e-02	9.404820e+00
7.727975e+03	6.481574e-02	9.410258e+00
7.733952e+03	6.604807e-02	9.415696e+00
7.739938e+03	6.334189e-02	9.421133e+00
7.745933e+03	6.667391e-02	9.426567e+00
7.751938e+03	6.576856e-02	9.432001e+00
7.757952e+03	6.512165e-02	9.437434e+00
7.763975e+03	6.667628e-02	9.442865e+00
7.770008e+03	6.692559e-02	9.448296e+00
7.776050e+03	6.760387e-02	9.453725e+00
7.782101e+03	6.700176e-02	9.459152e+00
7.788162e+03	6.638808e-02	9.464578e+00
7.794232e+03	6.416126e-02	9.470003e+00
7.800312e+03	5.866559e-02	9.475426e+00
7.806401e+03	6.490657e-02	9.480847e+00
7.812500e+03	6.617006e-02	9.486268e+00
7.818608e+03	6.645768e-02	9.491686e+00
7.824726e+03	6.682745e-02	9.497103e+00
7.830854e+03	6.554063e-02	9.502519e+00
7.836991e+03	6.495608e-02	9.507933e+00
7.843137e+03	6.413903e-02	9.513345e+00
7.849294e+03	6.307923e-02	9.518755e+00
7.855460e+03	6.299644e-02	9.524163e+00
7.861635e+03	6.328583e-02	9.529571e+00
7.867821e+03	6.310236e-02	9.534977e+00
7.874016e+03	5.981762e-02	9.540379e+00
7.880221e+03	3.809470e-02	9.545781e+00
7.886435e+03	5.703756e-02	9.551180e+00
7.892660e+03	5.965093e-02	9.556579e+00
7.898894e+03	5.911124e-02	9.561974e+00
7.905138e+03	6.060212e-02	9.567369e+00
7.911392e+03	5.682685e-02	9.572760e+00
7.917656e+03	6.109497e-02	9.578150e+00
7.923930e+03	6.030865e-02	9.583538e+00
7.930214e+03	6.260465e-02	9.588924e+00
7.936508e+03	6.546469e-02	9.594307e+00
7.942812e+03	6.477909e-02	9.599689e+00
7.949126e+03	6.733652e-02	9.605067e+00
7.955449e+03	6.577744e-02	9.610446e+00
7.961783e+03	6.640796e-02	9.615819e+00
7.968127e+03	6.786468e-02	9.621193e+00
7.974482e+03	6.669984e-02	9.626562e+00
7.980846e+03	6.720110e-02	9.631929e+00
7.987220e+03	6.756883e-02	9.637295e+00
7.993605e+03	6.770194e-02	9.642659e+00
8.000000e+03	6.825625e-02	9.648018e+00
8.006405e+03	6.853084e-02	9.653377e+00
8.012821e+03	6.826229e-02	9.658733e+00
8.019246e+03	6.797722e-02	9.664085e+00
8.025682e+03	6.815856e-02	9.669435e+00
8.032129e+03	6.761519e-02	9.674783e+00
8.038585e+03	6.731627e-02	9.680128e+00
8.045052e+03	6.753718e-02	9.685472e+00
8.051530e+03	6.814893e-02	9.690811e+00
8.058018e+03	6.796377e-02	9.696149e+00
8.064516e+03	6.767131e-02	9.701481e+00
8.071025e+03	6.784314e-02	9.706813e+00
8.077544e+03	6.849999e-02	9.712142e+00
8.084074e+03	6.772375e-02	9.717466e+00
8.090615e+03	6.843314e-02	9.722789e+00
8.097166e+03	6.773372e-02	9.728110e+00
8.103728e+03	6.836109e-02	9.733425e+00
8.110300e+03	6.591821e-02	9.738740e+00
8.116883e+03	6.758111e-02	9.744050e+00
8.123477e+03	6.829277e-02	9.749356e+00
8.130081e+03	6.645867e-02	9.754661e+00
8.136697e+03	6.737775e-02	9.759962e+00
8.143322e+03	6.717164e-02	9.765259e+00
8.149959e+03	6.226868e-02	9.770555e+00
8.156607e+03	6.718148e-02	9.775846e+00
8.163265e+03	6.623909e-02	9.781132e+00
8.169935e+03	6.410395e-02	9.786416e+00
8.176615e+03	6.341891e-02	9.791697e+00
8.183306e+03	6.435457e-02	9.796976e+00
8.190008e+03	6.621272e-02	9.802250e+00
8.196721e+03	6.507880e-02	9.807519e+00
8.203445e+03	6.335989e-02	9.812786e+00
8.210181e+03	6.504066e-02	9.818050e+00
8.216927e+03	6.436368e-02	9.823310e+00
8.223684e+03	6.581350e-02	9.828564e+00
8.230453e+03	6.030527e-02	9.833817e+00
8.237232e+03	6.107853e-02	9.839065e+00
8.244023e+03	6.592322e-02	9.844308e+00
8.250825e+03	5.959800e-02	9.849549e+00
8.257638e+03	5.912866e-02	9.854786e+00
8.264463e+03	6.334721e-02	9.860020e+00
8.271299e+03	5.780656e-02	9.865247e+00
8.278146e+03	6.038289e-02	9.870473e+00
8.285004e+03	5.979491e-02	9.875693e+00
8.291874e+03	6.671789e-02	9.880910e+00
8.298755e+03	6.056977e-02	9.886122e+00
8.305648e+03	5.022195e-02	9.891330e+00
8.312552e+03	5.997379e-02	9.896533e+00
8.319468e+03	6.031045e-02	9.901732e+00
8.326395e+03	6.019861e-02	9.906927e+00
8.333333e+03	6.161616e-02	9.912120e+00
8.340284e+03	5.012771e-02	9.917306e+00
8.347245e+03	5.945476e-02	9.922488e+00
8.354219e+03	6.523150e-02	9.927663e+00
8.361204e+03	5.891597e-02	9.932838e+00
8.368201e+03	6.093525e-02	9.938007e+00
8.375209e+03	6.379864e-02	9.943170e+00
8.382230e+03	6.172631e-02	9.948330e+00
8.389262e+03	6.418185e-02	9.953482e+00
8.396306e+03	6.048119e-02	9.958633e+00
8.403361e+03	6.248400e-02	9.963778e+00
8.410429e+03	5.610352e-02	9.968915e+00
8.417508e+03	4.521805e-02	9.974050e+00
8.424600e+03	6.128170e-02	9.979181e+00
8.431703e+03	6.402544e-02	9.984306e+00
8.438819e+03	5.463559e-02	9.989426e+00
8.445946e+03	5.619059e-02	9.994541e+00
8.453085e+03	5.857281e-02	9.999651e+00
8.460237e+03	4.317532e-02	1.000476e+01
8.467401e+03	6.056471e-02	1.000985e+01
8.474576e+03	5.855320e-02	1.001495e+01
8.481764e+03	6.410035e-02	1.002004e+01
8.488964e+03	4.772384e-02	1.002512e+01
8.496177e+03	6.239522e-02	1.003020e+01
8.503401e+03	6.285211e-02	1.003527e+01
8.510638e+03	5.956292e-02	1.004034e+01
8.517888e+03	4.437084e-02	1.004540e+01
8.525149e+03	5.988318e-02	1.005045e+01
8.532423e+03	5.957234e-02	1.005550e+01
8.539710e+03	5.862055e-02	1.006055e+01
8.547009e+03	5.986337e-02	1.006558e+01
8.554320e+03	5.513800e-02	1.007062e+01
8.561644e+03	5.459352e-02	1.007565e+01
8.568980e+03	5.325667e-02	1.008067e+01
8.576329e+03	4.864627e-02	1.008568e+01
8.583691e+03	5.032590e-02	1.009069e+01
8.591065e+03	5.193587e-02	1.009569e+01
8.598452e+03	6.038409e-02	1.010069e+01
8.605852e+03	4.511435e-02	1.010568e+01
8.613264e+03	4.470650e-02	1.011066e+01
8.620690e+03	3.683042e-02	1.011564e+01
8.628128e+03	4.320395e-02	1.012062e+01
8.635579e+03	3.992050e-02	1.012558e+01
8.643042e+03	4.021302e-02	1.013054e+01
8.650519e+03	3.586325e-02	1.013549e+01
8.658009e+03	3.989135e-02	1.014044e+01
8.665511e+03	1.816860e-02	1.014537e+01
8.673027e+03	3.026001e-02	1.015031e+01
8.680556e+03	3.140724e-02	1.015523e+01
8.688097e+03	2.577135e-02	1.016015e+01
8.695652e+03	1.540448e-02	1.016507e+01
8.703220e+03	2.758428e-02	1.016997e+01
8.710801e+03	3.413108e-02	1.017487e+01
8.718396e+03	7.461476e-03	1.017976e+01
8.726003e+03	1.981137e-02	1.018464e+01
8.733624e+03	1.832289e-02	1.018952e+01
8.741259e+03	1.419062e-02	1.019439e+01
8.748906e+03	3.887731e-02	1.019925e+01
8.756567e+03	2.801475e-02	1.020411e+01
8.764242e+03	2.406657e-02	1.020896e+01
8.771930e+03	3.177132e-02	1.021380e+01
8.779631e+03	3.695289e-02	1.021863e+01
8.787346e+03	2.516011e-02	1.022346e+01
8.795075e+03	3.551495e-02	1.022828e+01
8.802817e+03	1.589891e-02	1.023309e+01
8.810573e+03	1.909021e-03	1.023789e+01
8.818342e+03	5.142281e-03	1.024269e+01
8.826125e+03	1.882016e-02	1.024747e+01
8.833922e+03	2.865136e-02	1.025225e+01
8.841733e+03	3.607362e-02	1.025702e+01
8.849558e+03	8.627758e-03	1.026179e+01
8.857396e+03	1.291594e-02	1.026655e+01
8.865248e+03	1.208078e-02	1.027129e+01
8.873114e+03	1.909258e-02	1.027603e+01
8.880995e+03	6.262547e-03	1.028076e+01
8.888889e+03	1.745803e-02	1.028549e+01
8.896797e+03	1.313532e-02	1.029020e+01
8.904720e+03	1.545514e-02	1.029491e+01
8.912656e+03	9.839311e-03	1.029961e+01
8.920607e+03	2.230915e-02	1.030429e+01
8.928571e+03	1.701217e-02	1.030898e+01
8.936550e+03	1.354963e-02	1.031365e+01
8.944544e+03	2.595217e-02	1.031831e+01
8.952551e+03	9.502898e-03	1.032297e+01
8.960573e+03	2.394140e-02	1.032761e+01
8.968610e+03	2.962978e-02	1.033225e+01
8.976661e+03	3.546270e-02	1.033688e+01
8.984726e+03	3.171125e-02	1.034150e+01
8.992806e+03	4.863328e-02	1.034611e+01
9.000900e+03	3.896998e-02	1.035071e+01
9.009009e+03	5.605562e-02	1.035530e+01
9.017133e+03	4.827160e-02	1.035988e+01
9.025271e+03	4.851360e-02	1.036445e+01
9.033424e+03	5.620644e-02	1.036902e+01
9.041591e+03	4.628725e-02	1.037357e+01
9.049774e+03	5.868857e-02	1.037812e+01
9.057971e+03	5.413006e-02	1.038265e+01
9.066183e+03	5.388483e-02	1.038717e+01
9.074410e+03	5.405677e-02	1.039169e+01
9.082652e+03	5.717831e-02	1.039620e+01
9.090909e+03	5.579673e-02	1.040069e+01
9.099181e+03	5.816890e-02	1.040518e+01
9.107468e+03	5.751816e-02	1.040965e+01
9.115770e+03	6.595283e-02	1.041412e+01
9.124088e+03	5.733524e-02	1.041857e+01
9.132420e+03	5.918747e-02	1.042302e+01
9.140768e+03	6.118226e-02	1.042745e+01
9.149131e+03	5.784132e-02	1.043187e+01
9.157509e+03	6.564276e-02	1.043629e+01
9.165903e+03	6.632484e-02	1.044069e+01
9.174312e+03	6.256059e-02	1.044509e+01
9.182736e+03	6.505488e-02	1.044947e+01
9.191176e+03	6.647788e-02	1.045384e+01
9.199632e+03	6.343253e-02	1.045820e+01
9.208103e+03	6.191357e-02	1.046255e+01
9.216590e+03	6.611649e-02	1.046688e+01
9.225092e+03	6.436369e-02	1.047121e+01
9.233610e+03	6.638904e-02	1.047553e+01
9.242144e+03	6.529479e-02	1.047983e+01
9.250694e+03	6.423930e-02	1.048413e+01
9.259259e+03	6.592376e-02	1.048841e+01
9.267841e+03	6.660623e-02	1.049268e+01
9.276438e+03	6.632711e-02	1.049694e+01
9.285051e+03	6.631894e-02	1.050119e+01
9.293680e+03	6.731425e-02	1.050542e+01
9.302326e+03	6.477740e-02	1.050965e+01
9.310987e+03	6.780132e-02	1.051386e+01
9.319664e+03	6.572477e-02	1.051806e+01
9.328358e+03	6.687561e-02	1.052225e+01
9.337068e+03	6.687708e-02	1.052643e+01
9.345794e+03	6.546309e-02	1.053059e+01
9.354537e+03	6.334096e-02	1.053474e+01
9.363296e+03	6.679608e-02	1.053888e+01
9.372071e+03	6.675758e-02	1.054301e+01
9.380863e+03	6.628365e-02	1.054713e+01
9.389671e+03	6.744215e-02	1.055123e+01
9.398496e+03	6.761104e-02	1.055532e+01
9.407338e+03	6.645913e-02	1.055940e+01
9.416196e+03	6.742477e-02	1.056346e+01
9.425071e+03	6.607307e-02	1.056751e+01
9.433962e+03	6.749802e-02	1.057155e+01
9.442871e+03	6.555393e-02	1.057558e+01
9.451796e+03	6.748198e-02	1.057959e+01
9.460738e+03	6.805164e-02	1.058359e+01
9.469697e+03	6.808463e-02	1.058758e+01
9.478673e+03	6.816388e-02	1.059155e+01
9.487666e+03	6.781920e-02	1.059551e+01
9.496676e+03	6.797221e-02	1.059945e+01
9.505703e+03	6.804791e-02	1.060339e+01
9.514748e+03	6.833283e-02	1.060731e+01
9.523810e+03	6.813671e-02	1.061121e+01
9.532888e+03	6.845154e-02	1.061510e+01
9.541985e+03	6.870880e-02	1.061898e+01
9.551098e+03	6.797373e-02	1.062284e+01
9.560229e+03	6.682642e-02	1.062669e+01
9.569378e+03	6.848307e-02	1.063052e+01
9.578544e+03	6.873899e-02	1.063435e+01
9.587728e+03	6.828755e-02	1.063815e+01
9.596929e+03	6.884395e-02	1.064194e+01
9.606148e+03	6.868262e-02	1.064572e+01
9.615385e+03	6.853667e-02	1.064948e+01
9.624639e+03	6.887560e-02	1.065323e+01
9.633911e+03	6.826793e-02	1.065696e+01
9.643202e+03	6.846229e-02	1.066068e+01
9.652510e+03	6.903762e-02	1.066438e+01
9.661836e+03	6.893119e-02	1.066807e+01
9.671180e+03	6.857139e-02	1.067174e+01
9.680542e+03	6.802799e-02	1.067540e+01
9.689922e+03	6.906894e-02	1.067904e+01
9.699321e+03	6.887881e-02	1.068267e+01
9.708738e+03	6.905610e-02	1.068628e+01
9.718173e+03	6.849325e-02	1.068987e+01
9.727626e+03	6.911156e-02	1.069345e+01
9.737098e+03	6.889279e-02	1.069701e+01
9.746589e+03	6.908186e-02	1.070056e+01
9.756098e+03	6.905443e-02	1.070409e+01
9.765625e+03	6.823818e-02	1.070761e+01
9.775171e+03	6.853718e-02	1.071111e+01
9.784736e+03	6.787057e-02	1.071459e+01
9.794319e+03	6.891265e-02	1.071806e+01
9.803922e+03	6.849890e-02	1.072151e+01
9.813543e+03	6.736886e-02	1.072494e+01
9.823183e+03	6.970626e-02	1.072835e+01
9.832842e+03	6.850820e-02	1.073175e+01
9.842520e+03	6.913638e-02	1.073513e+01
9.852217e+03	6.869128e-02	1.073850e+01
9.861933e+03	6.976104e-02	1.074185e+01
9.871668e+03	6.932387e-02	1.074518e+01
9.881423e+03	6.930075e-02	1.074849e+01
9.891197e+03	6.953898e-02	1.075179e+01
9.900990e+03	6.905567e-02	1.075507e+01
9.910803e+03	6.896684e-02	1.075833e+01
9.920635e+03	6.950589e-02	1.076157e+01
9.930487e+03	6.942484e-02	1.076480e+01
9.940358e+03	6.785398e-02	1.076800e+01
9.950249e+03	6.478300e-02	1.077119e+01
9.960159e+03	6.860154e-02	1.077436e+01
9.970090e+03	6.950114e-02	1.077752e+01
9.980040e+03	6.877227e-02	1.078065e+01
9.990010e+03	7.015310e-02	1.078377e+01
1.000000e+04	6.915900e-02	1.078687e+01
1.001001e+04	6.931616e-02	1.078994e+01
1.002004e+04	6.920335e-02	1.079300e+01
1.003009e+04	6.913830e-02	1.079604e+01
1.004016e+04	6.984685e-02	1.079907e+01
1.005025e+04	6.996804e-02	1.080207e+01
1.006036e+04	7.004286e-02	1.080505e+01
1.007049e+04	6.835785e-02	1.080802e+01
1.008065e+04	6.947197e-02	1.081096e+01
1.009082e+04	6.956374e-02	1.081389e+01
1.010101e+04	6.747302e-02	1.081679e+01
1.011122e+04	6.885092e-02	1.081968e+01
1.012146e+04	6.741153e-02	1.082254e+01
1.013171e+04	6.769403e-02	1.082539e+01
1.014199e+04	6.859134e-02	1.082821e+01
1.015228e+04	6.280655e-02	1.083102e+01
1.016260e+04	6.709046e-02	1.083380e+01
1.017294e+04	6.079407e-02	1.083657e+01
1.018330e+04	6.277942e-02	1.083931e+01
1.019368e+04	6.453400e-02	1.084203e+01
1.020408e+04	5.468614e-02	1.084474e+01
1.021450e+04	5.755055e-02	1.084742e+01
1.022495e+04	5.538329e-02	1.085008e+01
1.023541e+04	5.735192e-02	1.085272e+01
1.024590e+04	5.131717e-02	1.085534e+01
1.025641e+04	5.279391e-02	1.085793e+01
1.026694e+04	5.138978e-02	1.086051e+01
1.027749e+04	5.404024e-02	1.086306e+01
1.028807e+04	6.106045e-02	1.086559e+01
1.029866e+04	6.322597e-02	1.086810e+01
1.030928e+04	5.616138e-02	1.087059e+01
1.031992e+04	6.054421e-02	1.087306e+01
1.033058e+04	5.744051e-02	1.087550e+01
1.034126e+04	4.427927e-02	1.087792e+01
1.035197e+04	4.421013e-02	1.088032e+01
1.036269e+04	4.420432e-02	1.088269e+01
1.037344e+04	4.018462e-02	1.088504e+01
1.038422e+04	4.412885e-02	1.088737e+01
1.039501e+04	3.855770e-02	1.088968e+01
1.040583e+04	4.015562e-02	1.089197e+01
1.041667e+04	3.657370e-02	1.089423e+01
1.042753e+04	3.245922e-02	1.089646e+01
1.043841e+04	3.987960e-02	1.089868e+01
1.044932e+04	2.343749e-02	1.090087e+01
1.046025e+04	2.832836e-02	1.090304e+01
1.047120e+04	2.937085e-02	1.090518e+01
1.048218e+04	3.639372e-02	1.090730e+01
1.049318e+04	2.946412e-02	1.090939e+01
1.050420e+04	2.303644e-02	1.091146e+01
1.051525e+04	4.120722e-02	1.091351e+01
1.052632e+04	1.258446e-02	1.091553e+01
1.053741e+04	4.189055e-02	1.091753e+01
1.054852e+04	2.328632e-02	1.091950e+01
1.055966e+04	3.139728e-02	1.092144e+01
1.057082e+04	1.647451e-02	1.092337e+01
1.058201e+04	3.101387e-02	1.092526e+01
1.059322e+04	2.404909e-02	1.092713e+01
1.060445e+04	2.337747e-02	1.092898e+01
1.061571e+04	3.389021e-02	1.093080e+01
1.062699e+04	3.105470e-02	1.093259e+01
1.063830e+04	3.924156e-02	1.093436e+01
1.064963e+04	3.314477e-02	1.093611e+01
1.066098e+04	1.668360e-02	1.093782e+01
1.067236e+04	1.356725e-02	1.093951e+01
1.068376e+04	1.337536e-02	1.094118e+01
1.069519e+04	2.071039e-02	1.094282e+01
1.070664e+04	1.186753e-02	1.094443e+01
1.071811e+04	2.042080e-02	1.094601e+01
1.072961e+04	2.465676e-02	1.094757e+01
1.074114e+04	3.340497e-02	1.094910e+01
1.075269e+04	3.518327e-02	1.095060e+01
1.076426e+04	4.469862e-02	1.095208e+01
1.077586e+04	4.767773e-02	1.095352e+01
1.078749e+04	6.331880e-02	1.095494e+01
1.079914e+04	5.648623e-02	1.095634e+01
1.081081e+04	5.700259e-02	1.095770e+01
1.082251e+04	5.769050e-02	1.095904e+01
1.083424e+04	5.937775e-02	1.096035e+01
1.084599e+04	5.575191e-02	1.096162e+01
1.085776e+04	6.192499e-02	1.096288e+01
1.086957e+04	5.895768e-02	1.096410e+01
1.088139e+04	5.841068e-02	1.096529e+01
1.089325e+04	4.686557e-02	1.096646e+01
1.090513e+04	5.747476e-02	1.096759e+01
1.091703e+04	4.539209e-02	1.096870e+01
1.092896e+04	5.320565e-02	1.096978e+01
1.094092e+04	4.907116e-02	1.097082e+01
1.095290e+04	4.910222e-02	1.097184e+01
1.096491e+04	5.365414e-02	1.097283e+01
1.097695e+04	5.193646e-02	1.097378e+01
1.098901e+04	4.848774e-02	1.097471e+01
1.100110e+04	5.446183e-02	1.097561e+01
1.101322e+04	5.036733e-02	1.097648e+01
1.102536e+04	4.922156e-02	1.097731e+01
1.103753e+04	5.951225e-02	1.097812e+01
1.104972e+04	6.252191e-02	1.097889e+01
1.106195e+04	6.444729e-02	1.097964e+01
1.107420e+04	5.258002e-02	1.098035e+01
1.108647e+04	5.085025e-02	1.098103e+01
1.109878e+04	4.559237e-02	1.098168e+01
1.111111e+04	5.623749e-02	1.098230e+01
1.112347e+04	4.159083e-02	1.098288e+01
1.113586e+04	5.413955e-02	1.098343e+01
1.114827e+04	5.013519e-02	1.098395e+01
1.116071e+04	5.721268e-02	1.098444e+01
1.117318e+04	6.084265e-02	1.098490e+01
1.118568e+04	6.346973e-02	1.098532e+01
1.119821e+04	6.492192e-02	1.098572e+01
1.121076e+04	6.738319e-02	1.098607e+01
1.122334e+04	6.847621e-02	1.098640e+01
1.123596e+04	6.818238e-02	1.098669e+01
1.124859e+04	6.879033e-02	1.098695e+01
1.126126e+04	6.773514e-02	1.098717e+01
1.127396e+04	6.671722e-02	1.098736e+01
1.128668e+04	6.634394e-02	1.098752e+01
1.129944e+04	6.885566e-02	1.098764e+01
1.131222e+04	6.787649e-02	1.098773e+01
1.132503e+04	6.743842e-02	1.098778e+01
1.133787e+04	6.751369e-02	1.098780e+01
1.135074e+04	6.563450e-02	1.098779e+01
1.136364e+04	6.770889e-02	1.098774e+01
1.137656e+04	6.733103e-02	1.098765e+01
1.138952e+04	6.830572e-02	1.098753e+01
1.140251e+04	6.841249e-02	1.098738e+01
1.141553e+04	6.800870e-02	1.098718e+01
1.142857e+04	6.599994e-02	1.098695e+01
1.144165e+04	6.680172e-02	1.098669e+01
1.145475e+04	6.782872e-02	1.098639e+01
1.146789e+04	6.834864e-02	1.098605e+01
1.148106e+04	6.726946e-02	1.098568e+01
1.149425e+04	6.807029e-02	1.098527e+01
1.150748e+04	6.664447e-02	1.098482e+01
1.152074e+04	6.716022e-02	1.098434e+01
1.153403e+04	6.394318e-02	1.098382e+01
1.154734e+04	5.915803e-02	1.098326e+01
1.156069e+04	6.695641e-02	1.098267e+01
1.157407e+04	6.789829e-02	1.098203e+01
1.158749e+04	6.921436e-02	1.098136e+01
1.160093e+04	6.863275e-02	1.098065e+01
1.161440e+04	6.794059e-02	1.097990e+01
1.162791e+04	6.786865e-02	1.097912e+01
1.164144e+04	6.794482e-02	1.097829e+01
1.165501e+04	6.779629e-02	1.097743e+01
1.166861e+04	6.761264e-02	1.097653e+01
1.168224e+04	6.619757e-02	1.097558e+01
1.169591e+04	6.195144e-02	1.097460e+01
1.170960e+04	5.761596e-02	1.097358e+01
1.172333e+04	6.515011e-02	1.097252e+01
1.173709e+04	6.528926e-02	1.097142e+01
1.175088e+04	6.550688e-02	1.097028e+01
1.176471e+04	5.989525e-02	1.096910e+01
1.177856e+04	6.591509e-02	1.096788e+01
1.179245e+04	6.616476e-02	1.096662e+01
1.180638e+04	6.596361e-02	1.096531e+01
1.182033e+04	6.759723e-02	1.096397e+01
1.183432e+04	6.727972e-02	1.096259e+01
1.184834e+04	6.513173e-02	1.096116e+01
1.186240e+04	6.621188e-02	1.095969e+01
1.187648e+04	6.551607e-02	1.095818e+01
1.189061e+04	6.621989e-02	1.095663e+01
1.190476e+04	6.641389e-02	1.095503e+01
1.191895e+04	6.531190e-02	1.095340e+01
1.193317e+04	6.501726e-02	1.095172e+01
1.194743e+04	6.549830e-02	1.095000e+01
1.196172e+04	6.299499e-02	1.094823e+01
1.197605e+04	6.478406e-02	1.094643e+01
1.199041e+04	6.024071e-02	1.094458e+01
1.200480e+04	6.149383e-02	1.094268e+01
1.201923e+04	5.742760e-02	1.094074e+01
1.203369e+04	5.915760e-02	1.093876e+01
1.204819e+04	5.850828e-02	1.093673e+01
1.206273e+04	5.919550e-02	1.093466e+01
1.207729e+04	5.407201e-02	1.093255e+01
1.209190e+04	6.235928e-02	1.093039e+01
1.210654e+04	5.903734e-02	1.092819e+01
1.212121e+04	6.108745e-02	1.092594e+01
1.213592e+04	5.881222e-02	1.092364e+01
1.215067e+04	4.238454e-02	1.092130e+01
1.216545e+04	5.951492e-02	1.091891e+01
1.218027e+04	6.220859e-02	1.091648e+01
1.219512e+04	5.372409e-02	1.091400e+01
1.221001e+04	5.623929e-02	1.091148e+01
1.222494e+04	5.105349e-02	1.090891e+01
1.223990e+04	5.272095e-02	1.090629e+01
1.225490e+04	5.138477e-02	1.090363e+01
1.226994e+04	5.508219e-02	1.090092e+01
1.228501e+04	5.544670e-02	1.089816e+01
1.230012e+04	6.162611e-02	1.089535e+01
1.231527e+04	6.255988e-02	1.089250e+01
1.233046e+04	6.397849e-02	1.088960e+01
1.234568e+04	6.396188e-02	1.088664e+01
1.236094e+04	6.371569e-02	1.088365e+01
1.237624e+04	6.518455e-02	1.088060e+01
1.239157e+04	6.524212e-02	1.087750e+01
1.240695e+04	6.575616e-02	1.087436e+01
1.242236e+04	6.303339e-02	1.087116e+01
1.243781e+04	6.428736e-02	1.086792e+01
1.245330e+04	6.337699e-02	1.086463e+01
1.246883e+04	6.439115e-02	1.086129e+01
1.248439e+04	6.414598e-02	1.085789e+01
1.250000e+04	6.326976e-02	1.085445e+01
1.251564e+04	6.414653e-02	1.085096e+01
1.253133e+04	6.524057e-02	1.084742e+01
1.254705e+04	6.388297e-02	1.084382e+01
1.256281e+04	6.271848e-02	1.084017e+01
1.257862e+04	6.361964e-02	1.083648e+01
1.259446e+04	6.368034e-02	1.083273e+01
1.261034e+04	6.297923e-02	1.082893e+01
1.262626e+04	6.325330e-02	1.082508e+01
1.264223e+04	6.368807e-02	1.082117e+01
1.265823e+04	6.269084e-02	1.081722e+01
1.267427e+04	6.448695e-02	1.081321e+01
1.269036e+04	6.457197e-02	1.080915e+01
1.270648e+04	6.521956e-02	1.080503e+01
1.272265e+04	6.583234e-02	1.080086e+01
1.273885e+04	6.562180e-02	1.079664e+01
1.275510e+04	6.516583e-02	1.079237e+01
1.277139e+04	6.542886e-02	1.078804e+01
1.278772e+04	6.551868e-02	1.078365e+01
1.280410e+04	6.503404e-02	1.077921e+01
1.282051e+04	6.501971e-02	1.077472e+01
1.283697e+04	6.555703e-02	1.077018e+01
1.285347e+04	6.509224e-02	1.076557e+01
1.287001e+04	6.498539e-02	1.076092e+01
1.288660e+04	6.519760e-02	1.075620e+01
1.290323e+04	6.487351e-02	1.075143e+01
1.291990e+04	6.470021e-02	1.074661e+01
1.293661e+04	6.451521e-02	1.074173e+01
1.295337e+04	6.437819e-02	1.073679e+01
1.297017e+04	6.370030e-02	1.073180e+01
1.298701e+04	6.312013e-02	1.072675e+01
1.300390e+04	6.118812e-02	1.072165e+01
1.302083e+04	6.029181e-02	1.071648e+01
1.303781e+04	5.269540e-02	1.071126e+01
1.305483e+04	4.405364e-02	1.070598e+01
1.307190e+04	3.708980e-02	1.070065e+01
1.308901e+04	2.911767e-02	1.069525e+01
1.310616e+04	2.050225e-02	1.068980e+01
1.312336e+04	3.686567e-02	1.068429e+01
1.314060e+04	8.297646e-03	1.067872e+01
1.315789e+04	1.427596e-02	1.067309e+01
1.317523e+04	6.297717e-02	1.066740e+01
1.319261e+04	6.461547e-02	1.066165e+01
1.321004e+04	6.404396e-02	1.065584e+01
1.322751e+04	6.392630e-02	1.064997e+01
1.324503e+04	6.453253e-02	1.064405e+01
1.326260e+04	6.454362e-02	1.063806e+01
1.328021e+04	6.356171e-02	1.063201e+01
1.329787e+04	6.370403e-02	1.062590e+01
1.331558e+04	6.330347e-02	1.061973e+01
1.333333e+04	6.341062e-02	1.061350e+01
1.335113e+04	6.331457e-02	1.060720e+01
1.336898e+04	6.335264e-02	1.060085e+01
1.338688e+04	6.355165e-02	1.059443e+01
1.340483e+04	6.333709e-02	1.058795e+01
1.342282e+04	6.329505e-02	1.058141e+01
1.344086e+04	6.314739e-02	1.057481e+01
1.345895e+04	6.246986e-02	1.056814e+01
1.347709e+04	6.102451e-02	1.056141e+01
1.349528e+04	6.082719e-02	1.055461e+01
1.351351e+04	6.088764e-02	1.054776e+01
1.353180e+04	5.928143e-02	1.054084e+01
1.355014e+04	6.091298e-02	1.053385e+01
1.356852e+04	5.962909e-02	1.052680e+01
1.358696e+04	5.955406e-02	1.051969e+01
1.360544e+04	5.997038e-02	1.051251e+01
1.362398e+04	6.066931e-02	1.050526e+01
1.364256e+04	5.856987e-02	1.049795e+01
1.366120e+04	5.636868e-02	1.049058e+01
1.367989e+04	5.220814e-02	1.048314e+01
1.369863e+04	5.485673e-02	1.047563e+01
1.371742e+04	5.075421e-02	1.046806e+01
1.373626e+04	5.033152e-02	1.046042e+01
1.375516e+04	5.231803e-02	1.045272e+01
1.377410e+04	5.198972e-02	1.044495e+01
1.379310e+04	4.979824e-02	1.043711e+01
1.381215e+04	5.048077e-02	1.042920e+01
1.383126e+04	5.448404e-02	1.042123e+01
1.385042e+04	5.880605e-02	1.041319e+01
1.386963e+04	5.144710e-02	1.040508e+01
1.388889e+04	4.662490e-02	1.039690e+01
1.390821e+04	4.356637e-02	1.038866e+01
1.392758e+04	4.839378e-02	1.038034e+01
1.394700e+04	5.182531e-02	1.037196e+01
1.396648e+04	5.920151e-02	1.036350e+01
1.398601e+04	5.842279e-02	1.035498e+01
1.400560e+04	6.027318e-02	1.034639e+01
1.402525e+04	5.957576e-02	1.033773e+01
1.404494e+04	6.010328e-02	1.032900e+01
1.406470e+04	6.032888e-02	1.032020e+01
1.408451e+04	6.026011e-02	1.031132e+01
1.410437e+04	5.971850e-02	1.030238e+01
1.412429e+04	5.934464e-02	1.029337e+01
1.414427e+04	5.935707e-02	1.028428e+01
1.416431e+04	5.943849e-02	1.027513e+01
1.418440e+04	5.958833e-02	1.026590e+01
1.420455e+04	5.879988e-02	1.025660e+01
1.422475e+04	5.716516e-02	1.024722e+01
1.424501e+04	5.667246e-02	1.023778e+01
1.426534e+04	5.645706e-02	1.022826e+01
1.428571e+04	5.701640e-02	1.021867e+01
1.430615e+04	5.726892e-02	1.020901e+01
1.432665e+04	5.827447e-02	1.019927e+01
1.434720e+04	5.903065e-02	1.018946e+01
1.436782e+04	5.577081e-02	1.017958e+01
1.438849e+04	5.573142e-02	1.016962e+01
1.440922e+04	5.451156e-02	1.015959e+01
1.443001e+04	5.496930e-02	1.014949e+01
1.445087e+04	5.514598e-02	1.013931e+01
1.447178e+04	5.348265e-02	1.012905e+01
1.449275e+04	5.116171e-02	1.011872e+01
1.451379e+04	4.870637e-02	1.010832e+01
1.453488e+04	4.825742e-02	1.009784e+01
1.455604e+04	4.166778e-02	1.008728e+01
1.457726e+04	5.729036e-02	1.007665e+01
1.459854e+04	5.843728e-02	1.006594e+01
1.461988e+04	5.822468e-02	1.005515e+01
1.464129e+04	5.843241e-02	1.004429e+01
1.466276e+04	5.889400e-02	1.003335e+01
1.468429e+04	5.843852e-02	1.002234e+01
1.470588e+04	5.849360e-02	1.001124e+01
1.472754e+04	5.822487e-02	1.000007e+01
1.474926e+04	5.854995e-02	9.988827e+00
1.477105e+04	5.806570e-02	9.977501e+00
1.479290e+04	5.842895e-02	9.966099e+00
1.481481e+04	5.758644e-02	9.954617e+00
1.483680e+04	5.788385e-02	9.943056e+00
1.485884e+04	5.779374e-02	9.931417e+00
1.488095e+04	5.712989e-02	9.919698e+00
1.490313e+04	5.776142e-02	9.907901e+00
1.492537e+04	5.769712e-02	9.896023e+00
1.494768e+04	5.832615e-02	9.884067e+00
1.497006e+04	5.716129e-02	9.872032e+00
1.499250e+04	5.679898e-02	9.859915e+00
1.501502e+04	5.704130e-02	9.847719e+00
1.503759e+04	5.691878e-02	9.835443e+00
1.506024e+04	5.576012e-02	9.823085e+00
1.508296e+04	5.511756e-02	9.810647e+00
1.510574e+04	5.485938e-02	9.798129e+00
1.512859e+04	5.513069e-02	9.785528e+00
1.515152e+04	5.518181e-02	9.772845e+00
1.517451e+04	5.465861e-02	9.760083e+00
1.519757e+04	5.429369e-02	9.747239e+00
1.522070e+04	4.842238e-02	9.734311e+00
1.524390e+04	4.616214e-02	9.721302e+00
1.526718e+04	5.242686e-02	9.708211e+00
1.529052e+04	5.477759e-02	9.695037e+00
1.531394e+04	5.521997e-02	9.681780e+00
1.533742e+04	5.338456e-02	9.668441e+00
1.536098e+04	5.539503e-02	9.655016e+00
1.538462e+04	5.196327e-02	9.641510e+00
1.540832e+04	5.152973e-02	9.627920e+00
1.543210e+04	5.301288e-02	9.614247e+00
1.545595e+04	5.334753e-02	9.600489e+00
1.547988e+04	5.340393e-02	9.586648e+00
1.550388e+04	5.479049e-02	9.572721e+00
1.552795e+04	5.422258e-02	9.558712e+00
1.555210e+04	5.428585e-02	9.544619e+00
1.557632e+04	5.356071e-02	9.530439e+00
1.560062e+04	5.329127e-02	9.516174e+00
1.562500e+04	5.309235e-02	9.501825e+00
1.564945e+04	5.405353e-02	9.487390e+00
1.567398e+04	5.410429e-02	9.472869e+00
1.569859e+04	5.357774e-02	9.458264e+00
1.572327e+04	5.164605e-02	9.443572e+00
1.574803e+04	5.268135e-02	9.428794e+00
1.577287e+04	5.188046e-02	9.413930e+00
1.579779e+04	5.253033e-02	9.398981e+00
1.582278e+04	4.923700e-02	9.383944e+00
1.584786e+04	5.096063e-02	9.368823e+00
1.587302e+04	4.996574e-02	9.353612e+00
1.589825e+04	5.047588e-02	9.338315e+00
1.592357e+04	4.861966e-02	9.322931e+00
1.594896e+04	5.119326e-02	9.307461e+00
1.597444e+04	4.959191e-02	9.291903e+00
1.600000e+04	4.948047e-02	9.276257e+00
1.602564e+04	4.964933e-02	9.260524e+00
1.605136e+04	4.965334e-02	9.244702e+00
1.607717e+04	4.983840e-02	9.228792e+00
1.610306e+04	5.151778e-02	9.212797e+00
1.612903e+04	5.112136e-02	9.196711e+00
1.615509e+04	5.092976e-02	9.180540e+00
1.618123e+04	5.052091e-02	9.164277e+00
1.620746e+04	4.851501e-02	9.147926e+00
1.623377e+04	4.897259e-02	9.131488e+00
1.626016e+04	5.012994e-02	9.114960e+00
1.628664e+04	4.819140e-02	9.098342e+00
1.631321e+04	4.953387e-02	9.081640e+00
1.633987e+04	5.007653e-02	9.064841e+00
1.636661e+04	4.916638e-02	9.047960e+00
1.639344e+04	4.925488e-02	9.030985e+00
1.642036e+04	4.929750e-02	9.013924e+00
1.644737e+04	4.950540e-02	8.996769e+00
1.647446e+04	4.949744e-02	8.979528e+00
1.650165e+04	4.903702e-02	8.962195e+00
1.652893e+04	4.911323e-02	8.944776e+00
1.655629e+04	4.902762e-02	8.927263e+00
1.658375e+04	4.801457e-02	8.909662e+00
1.661130e+04	4.685159e-02	8.891969e+00
1.663894e+04	4.740041e-02	8.874185e+00
1.666667e+04	4.780080e-02	8.856315e+00
1.669449e+04	4.716439e-02	8.838352e+00
1.672241e+04	4.699632e-02	8.820297e+00
1.675042e+04	4.741309e-02	8.802155e+00
1.677852e+04	4.710164e-02	8.783918e+00
1.680672e+04	4.556302e-02	8.765595e+00
1.683502e+04	4.597100e-02	8.747177e+00
1.686341e+04	4.601679e-02	8.728670e+00
1.689189e+04	4.520986e-02	8.710074e+00
1.692047e+04	4.600380e-02	8.691388e+00
1.694915e+04	4.287200e-02	8.672608e+00
1.697793e+04	4.018039e-02	8.653737e+00
1.700680e+04	4.634007e-02	8.634775e+00
1.703578e+04	4.723352e-02	8.615724e+00
1.706485e+04	4.604597e-02	8.596580e+00
1.709402e+04	4.701145e-02	8.577344e+00
1.712329e+04	4.721920e-02	8.558022e+00
1.715266e+04	4.714940e-02	8.538602e+00
1.718213e+04	4.650342e-02	8.519098e+00
1.721170e+04	4.563150e-02	8.499498e+00
1.724138e+04	4.526262e-02	8.479808e+00
1.727116e+04	4.435238e-02	8.460025e+00
1.730104e+04	4.356455e-02	8.440154e+00
1.733102e+04	4.478561e-02	8.420187e+00
1.736111e+04	4.352238e-02	8.400134e+00
1.739130e+04	4.372516e-02	8.379989e+00
1.742160e+04	4.456822e-02	8.359749e+00
1.745201e+04	4.463633e-02	8.339422e+00
1.748252e+04	4.428108e-02	8.319001e+00
1.751313e+04	4.176585e-02	8.298489e+00
1.754386e+04	4.301676e-02	8.277890e+00
1.757469e+04	4.282711e-02	8.257197e+00
1.760563e+04	4.372846e-02	8.236412e+00
1.763668e+04	4.395719e-02	8.215536e+00
1.766784e+04	4.107925e-02	8.194570e+00
1.769912e+04	4.327095e-02	8.173515e+00
1.773050e+04	4.283481e-02	8.152368e+00
1.776199e+04	4.352301e-02	8.131128e+00
1.779359e+04	4.177037e-02	8.109799e+00
1.782531e+04	4.369901e-02	8.088379e+00
1.785714e+04	4.113805e-02	8.066868e+00
1.788909e+04	4.026318e-02	8.045269e+00
1.792115e+04	4.238598e-02	8.023579e+00
1.795332e+04	4.132827e-02	8.001798e+00
1.798561e+04	4.220016e-02	7.979925e+00
1.801802e+04	4.276311e-02	7.957965e+00
1.805054e+04	4.236055e-02	7.935915e+00
1.808318e+04	4.138513e-02	7.913773e+00
1.811594e+04	4.242394e-02	7.891539e+00
1.814882e+04	4.140814e-02	7.869221e+00
1.818182e+04	4.128520e-02	7.846811e+00
1.821494e+04	4.144867e-02	7.824310e+00
1.824818e+04	4.003353e-02	7.801724e+00
1.828154e+04	4.104250e-02	7.779047e+00
1.831502e+04	4.035298e-02	7.756280e+00
1.834862e+04	4.056470e-02	7.733424e+00
1.838235e+04	4.134522e-02	7.710479e+00
1.841621e+04	3.978398e-02	7.687448e+00
1.845018e+04	4.028679e-02	7.664326e+00
1.848429e+04	3.686317e-02	7.641117e+00
1.851852e+04	3.818794e-02	7.617821e+00
1.855288e+04	3.938884e-02	7.594438e+00
1.858736e+04	4.022114e-02	7.570966e+00
1.862197e+04	3.814834e-02	7.547407e+00
1.865672e+04	4.106034e-02	7.523763e+00
1.869159e+04	3.921569e-02	7.500030e+00
1.872659e+04	3.847040e-02	7.476212e+00
1.876173e+04	3.576681e-02	7.452306e+00
1.879699e+04	3.988940e-02	7.428313e+00
1.883239e+04	4.045576e-02	7.404236e+00
1.886792e+04	3.819678e-02	7.380072e+00
1.890359e+04	3.957511e-02	7.355826e+00
1.893939e+04	3.765814e-02	7.331491e+00
1.897533e+04	3.275814e-02	7.307073e+00
1.901141e+04	3.729316e-02	7.282569e+00
1.904762e+04	3.819887e-02	7.257982e+00
1.908397e+04	3.833630e-02	7.233313e+00
1.912046e+04	3.549312e-02	7.208557e+00
1.915709e+04	3.749380e-02	7.183718e+00
1.919386e+04	3.651424e-02	7.158798e+00
1.923077e+04	3.609570e-02	7.133791e+00
1.926782e+04	3.292130e-02	7.108706e+00
1.930502e+04	3.382224e-02	7.083536e+00
1.934236e+04	2.944723e-02	7.058286e+00
1.937984e+04	3.598184e-02	7.032957e+00
1.941748e+04	3.550037e-02	7.007543e+00
1.945525e+04	3.435341e-02	6.982049e+00
1.949318e+04	3.494095e-02	6.956475e+00
1.953125e+04	3.702784e-02	6.930821e+00
1.956947e+04	3.591197e-02	6.905088e+00
1.960784e+04	3.510570e-02	6.879276e+00
1.964637e+04	3.588272e-02	6.853384e+00
1.968504e+04	3.409025e-02	6.827415e+00
1.972387e+04	3.482500e-02	6.801369e+00
1.976285e+04	3.623678e-02	6.775243e+00
1.980198e+04	3.467830e-02	6.749043e+00
1.984127e+04	3.221431e-02	6.722766e+00
1.988072e+04	3.440163e-02	6.696410e+00
1.992032e+04	3.273784e-02	6.669980e+00
1.996008e+04	3.260503e-02	6.643475e+00
2.000000e+04	3.347750e-02	6.616896e+00
2.004008e+04	3.343834e-02	6.590241e+00
2.008032e+04	3.328462e-02	6.563513e+00
2.012072e+04	3.405760e-02	6.536713e+00
2.016129e+04	3.333025e-02	6.509837e+00
2.020202e+04	3.488666e-02	6.482893e+00
2.024291e+04	3.270570e-02	6.455876e+00
2.028398e+04	3.334389e-02	6.428785e+00
2.032520e+04	3.102776e-02	6.401627e+00
2.036660e+04	3.238923e-02	6.374399e+00
2.040816e+04	3.353717e-02	6.347098e+00
2.044990e+04	2.987100e-02	6.319731e+00
2.049180e+04	3.155884e-02	6.292296e+00
2.053388e+04	2.901763e-02	6.264793e+00
2.057613e+04	2.578788e-02	6.237221e+00
2.061856e+04	3.165423e-02	6.209586e+00
2.066116e+04	3.160582e-02	6.181882e+00
2.070393e+04	3.205857e-02	6.154114e+00
2.074689e+04	3.229071e-02	6.126280e+00
2.079002e+04	3.201111e-02	6.098383e+00
2.083333e+04	3.185280e-02	6.070425e+00
2.087683e+04	3.117185e-02	6.042403e+00
2.092050e+04	3.161990e-02	6.014318e+00
2.096436e+04	3.047068e-02	5.986171e+00
2.100840e+04	3.013234e-02	5.957967e+00
2.105263e+04	3.103472e-02	5.929699e+00
2.109705e+04	2.989090e-02	5.901374e+00
2.114165e+04	2.940694e-02	5.872993e+00
2.118644e+04	3.043452e-02	5.844550e+00
2.123142e+04	2.878387e-02	5.816054e+00
2.127660e+04	2.816254e-02	5.787499e+00
2.132196e+04	2.913823e-02	5.758890e+00
2.136752e+04	2.886298e-02	5.730227e+00
2.141328e+04	2.751411e-02	5.701507e+00
2.145923e+04	2.864288e-02	5.672738e+00
2.150538e+04	2.790384e-02	5.643915e+00
2.155172e+04	2.810689e-02	5.615042e+00
2.159827e+04	2.883692e-02	5.586117e+00
2.164502e+04	2.858442e-02	5.557141e+00
2.169197e+04	2.816966e-02	5.528118e+00
2.173913e+04	2.706576e-02	5.499048e+00
2.178649e+04	2.709147e-02	5.469929e+00
2.183406e+04	2.715605e-02	5.440764e+00
2.188184e+04	2.759522e-02	5.411555e+00
2.192982e+04	2.721466e-02	5.382300e+00
2.197802e+04	2.619901e-02	5.353004e+00
2.202643e+04	2.623857e-02	5.323663e+00
2.207506e+04	2.432547e-02	5.294281e+00
2.212389e+04	2.619586e-02	5.264860e+00
2.217295e+04	2.720692e-02	5.235396e+00
2.222222e+04	2.608403e-02	5.205895e+00
2.227171e+04	2.501667e-02	5.176356e+00
2.232143e+04	2.493145e-02	5.146780e+00
2.237136e+04	2.449059e-02	5.117169e+00
2.242152e+04	2.141530e-02	5.087522e+00
2.247191e+04	2.374716e-02	5.057844e+00
2.252252e+04	2.274358e-02	5.028131e+00
2.257336e+04	2.320252e-02	4.998388e+00
2.262443e+04	2.274037e-02	4.968611e+00
2.267574e+04	2.111869e-02	4.938806e+00
2.272727e+04	2.128245e-02	4.908973e+00
2.277904e+04	1.845361e-02	4.879113e+00
2.283105e+04	1.906315e-02	4.849226e+00
2.288330e+04	2.159096e-02	4.819314e+00
2.293578e+04	2.102652e-02	4.789378e+00
2.298851e+04	1.905496e-02	4.759419e+00
2.304147e+04	1.726339e-02	4.729437e+00
2.309469e+04	1.857079e-02	4.699437e+00
2.314815e+04	1.983440e-02	4.669416e+00
2.320186e+04	1.184765e-02	4.639377e+00
2.325581e+04	1.296778e-02	4.609320e+00
2.331002e+04	1.615254e-02	4.579248e+00
2.336449e+04	1.733379e-02	4.549159e+00
2.341920e+04	1.705688e-02	4.519060e+00
2.347418e+04	1.754274e-02	4.488948e+00
2.352941e+04	1.793823e-02	4.458823e+00
2.358491e+04	1.729122e-02	4.428689e+00
2.364066e+04	1.727220e-02	4.398546e+00
2.369668e+04	1.771918e-02	4.368396e+00
2.375297e+04	1.784285e-02	4.338241e+00
2.380952e+04	1.560558e-02	4.308081e+00
2.386635e+04	1.691600e-02	4.277916e+00
2.392344e+04	1.614310e-02	4.247752e+00
2.398082e+04	1.676151e-02	4.217585e+00
2.403846e+04	1.706817e-02	4.187418e+00
2.409639e+04	1.645937e-02	4.157254e+00
2.415459e+04	1.579140e-02	4.127092e+00
2.421308e+04	1.585456e-02	4.096937e+00
2.427184e+04	1.641187e-02	4.066787e+00
2.433090e+04	1.533296e-02	4.036644e+00
2.439024e+04	1.360097e-02	4.006508e+00
2.444988e+04	1.584435e-02	3.976384e+00
2.450980e+04	1.473007e-02	3.946272e+00
2.457002e+04	1.400479e-02	3.916172e+00
2.463054e+04	1.415579e-02	3.886087e+00
2.469136e+04	1.440943e-02	3.856017e+00
2.475248e+04	1.466479e-02	3.825964e+00
2.481390e+04	1.432626e-02	3.795931e+00
2.487562e+04	1.476850e-02	3.765918e+00
2.493766e+04	1.410080e-02	3.735927e+00
2.500000e+04	1.343824e-02	3.705959e+00
2.503129e+04	1.324363e-02	3.690984e+00
2.506266e+04	1.280103e-02	3.676016e+00
2.509410e+04	1.200894e-02	3.661052e+00
2.512563e+04	1.012899e-02	3.646097e+00
2.515723e+04	7.450153e-03	3.631149e+00
2.518892e+04	5.024890e-03	3.616208e+00
2.522068e+04	6.461581e-03	3.601274e+00
2.525253e+04	8.851165e-03	3.586347e+00
2.528445e+04	1.002669e-02	3.571428e+00
2.531646e+04	9.376478e-03	3.556517e+00
2.534854e+04	7.907729e-03	3.541615e+00
2.538071e+04	5.709580e-03	3.526720e+00
2.541296e+04	4.377700e-03	3.511833e+00
2.544529e+04	5.483248e-03	3.496956e+00
2.547771e+04	7.542748e-03	3.482086e+00
2.551020e+04	9.013316e-03	3.467228e+00
2.554278e+04	9.750721e-03	3.452377e+00
2.557545e+04	9.575549e-03	3.437535e+00
2.560819e+04	9.002719e-03	3.422703e+00
2.564103e+04	8.891310e-03	3.407883e+00
2.567394e+04	8.440703e-03	3.393071e+00
2.570694e+04	7.584360e-03	3.378269e+00
2.574003e+04	6.957373e-03	3.363479e+00
2.577320e+04	6.977714e-03	3.348698e+00
2.580645e+04	7.016952e-03	3.333927e+00
2.583979e+04	7.090514e-03	3.319169e+00
2.587322e+04	6.998260e-03	3.304423e+00
2.590674e+04	6.702436e-03	3.289686e+00
2.594034e+04	6.917659e-03	3.274961e+00
2.597403e+04	7.209368e-03	3.260249e+00
2.600780e+04	6.540305e-03	3.245549e+00
2.604167e+04	5.410013e-03	3.230860e+00
2.607562e+04	4.656013e-03	3.216185e+00
2.610966e+04	4.789102e-03	3.201521e+00
2.614379e+04	5.319842e-03	3.186870e+00
2.617801e+04	6.122679e-03	3.172233e+00
2.621232e+04	7.151218e-03	3.157609e+00
2.624672e+04	7.900242e-03	3.142997e+00
2.628121e+04	7.730686e-03	3.128400e+00
2.631579e+04	7.184044e-03	3.113816e+00
2.635046e+04	6.805677e-03	3.099248e+00
2.638522e+04	7.557815e-03	3.084692e+00
2.642008e+04	8.437000e-03	3.070152e+00
2.645503e+04	8.617906e-03	3.055626e+00
2.649007e+04	7.964674e-03	3.041114e+00
2.652520e+04	7.108440e-03	3.026618e+00
2.656042e+04	6.596866e-03	3.012136e+00
2.659574e+04	6.675492e-03	2.997672e+00
2.663116e+04	6.417485e-03	2.983221e+00
2.666667e+04	5.777859e-03	2.968788e+00
2.670227e+04	5.390518e-03	2.954370e+00
2.673797e+04	5.406347e-03	2.939969e+00
2.677376e+04	5.396226e-03	2.925584e+00
2.680965e+04	5.959312e-03	2.911216e+00
2.684564e+04	6.159251e-03	2.896865e+00
2.688172e+04	6.435686e-03	2.882531e+00
2.691790e+04	6.843613e-03	2.868213e+00
2.695418e+04	6.555566e-03	2.853914e+00
2.699055e+04	6.423973e-03	2.839634e+00
2.702703e+04	7.073075e-03	2.825370e+00
2.706360e+04	6.943382e-03	2.811125e+00
2.710027e+04	6.432790e-03	2.796898e+00
2.713704e+04	6.125045e-03	2.782690e+00
2.717391e+04	6.137280e-03	2.768500e+00
2.721088e+04	6.488237e-03	2.754329e+00
2.724796e+04	6.582117e-03	2.740178e+00
2.728513e+04	6.675010e-03	2.726046e+00
2.732240e+04	6.631894e-03	2.711935e+00
2.735978e+04	6.159846e-03	2.697843e+00
2.739726e+04	5.570137e-03	2.683770e+00
2.743484e+04	5.338192e-03	2.669719e+00
2.747253e+04	5.362378e-03	2.655688e+00
2.751032e+04	5.152365e-03	2.641677e+00
2.754821e+04	5.271419e-03	2.627688e+00
2.758621e+04	5.099088e-03	2.613720e+00
2.762431e+04	4.632405e-03	2.599772e+00
2.766252e+04	4.397066e-03	2.585847e+00
2.770083e+04	4.467143e-03	2.571943e+00
2.773925e+04	4.830233e-03	2.558062e+00
2.777778e+04	5.085504e-03	2.544202e+00
2.781641e+04	4.783569e-03	2.530365e+00
2.785515e+04	3.950203e-03	2.516550e+00
2.789400e+04	3.341321e-03	2.502759e+00
2.793296e+04	3.580390e-03	2.488991e+00
2.797203e+04	3.827797e-03	2.475246e+00
2.801120e+04	3.763187e-03	2.461523e+00
2.805049e+04	4.256955e-03	2.447825e+00
2.808989e+04	4.515223e-03	2.434151e+00
2.812940e+04	4.787031e-03	2.420501e+00
2.816901e+04	4.932618e-03	2.406876e+00
2.820874e+04	4.906544e-03	2.393274e+00
2.824859e+04	4.827548e-03	2.379697e+00
2.828854e+04	4.542503e-03	2.366146e+00
2.832861e+04	4.108982e-03	2.352620e+00
2.836879e+04	3.846228e-03	2.339119e+00
2.840909e+04	4.048439e-03	2.325644e+00
2.844950e+04	4.125163e-03	2.312194e+00
2.849003e+04	4.263124e-03	2.298771e+00
2.853067e+04	4.357621e-03	2.285373e+00
2.857143e+04	4.031842e-03	2.272002e+00
2.861230e+04	3.630305e-03	2.258658e+00
2.865330e+04	3.515664e-03	2.245341e+00
2.869440e+04	3.629479e-03	2.232050e+00
2.873563e+04	3.549074e-03	2.218788e+00
2.877698e+04	3.544317e-03	2.205552e+00
2.881844e+04	3.650560e-03	2.192345e+00
2.886003e+04	3.571492e-03	2.179165e+00
2.890173e+04	3.487567e-03	2.166013e+00
2.894356e+04	3.552578e-03	2.152889e+00
2.898551e+04	3.315322e-03	2.139794e+00
2.902758e+04	2.900427e-03	2.126728e+00
2.906977e+04	3.000054e-03	2.113691e+00
2.911208e+04	3.450801e-03	2.100682e+00
2.915452e+04	3.630295e-03	2.087704e+00
2.919708e+04	3.553910e-03	2.074755e+00
2.923977e+04	3.406109e-03	2.061835e+00
2.928258e+04	3.248280e-03	2.048946e+00
2.932551e+04	3.247961e-03	2.036086e+00
2.936858e+04	3.440411e-03	2.023258e+00
2.941176e+04	3.428580e-03	2.010459e+00
2.945508e+04	3.209652e-03	1.997692e+00
2.949853e+04	3.113899e-03	1.984955e+00
2.954210e+04	3.042044e-03	1.972250e+00
2.958580e+04	2.892772e-03	1.959577e+00
2.962963e+04	2.669279e-03	1.946934e+00
2.967359e+04	2.472056e-03	1.934324e+00
2.971768e+04	2.502319e-03	1.921745e+00
2.976190e+04	2.688392e-03	1.909199e+00
2.980626e+04	2.914635e-03	1.896685e+00
2.985075e+04	2.971381e-03	1.884203e+00
2.989537e+04	2.845817e-03	1.871755e+00
2.994012e+04	2.657599e-03	1.859340e+00
2.998501e+04	2.587586e-03	1.846957e+00
3.003003e+04	2.690500e-03	1.834608e+00
3.007519e+04	2.725764e-03	1.822293e+00
3.012048e+04	2.701370e-03	1.810011e+00
3.016591e+04	2.597303e-03	1.797764e+00
3.021148e+04	2.501825e-03	1.785551e+00
3.025719e+04	2.632777e-03	1.773371e+00
3.030303e+04	2.852309e-03	1.761226e+00
3.034901e+04	2.808061e-03	1.749117e+00
3.039514e+04	2.521691e-03	1.737042e+00
3.044140e+04	2.231086e-03	1.725002e+00
3.048780e+04	2.127258e-03	1.712998e+00
3.053435e+04	2.282949e-03	1.701029e+00
3.058104e+04	2.334688e-03	1.689097e+00
3.062787e+04	2.362519e-03	1.677199e+00
3.067485e+04	2.217768e-03	1.665338e+00
3.072197e+04	1.900324e-03	1.653512e+00
3.076923e+04	1.637610e-03	1.641724e+00
3.081664e+04	1.628679e-03	1.629972e+00
3.086420e+04	1.559104e-03	1.618257e+00
3.091190e+04	1.401608e-03	1.606579e+00
3.095975e+04	1.212616e-03	1.594938e+00
3.100775e+04	1.244955e-03	1.583334e+00
3.105590e+04	1.264945e-03	1.571768e+00
3.110420e+04	1.324794e-03	1.560240e+00
3.115265e+04	1.382192e-03	1.548750e+00
3.120125e+04	1.366693e-03	1.537297e+00
3.125000e+04	1.154765e-03	1.525883e+00
3.129890e+04	1.091544e-03	1.514507e+00
3.134796e+04	1.116420e-03	1.503170e+00
3.139717e+04	1.014930e-03	1.491871e+00
3.144654e+04	9.689196e-04	1.480612e+00
3.149606e+04	1.005159e-03	1.469391e+00
3.154574e+04	9.347487e-04	1.458210e+00
3.159558e+04	8.125773e-04	1.447068e+00
3.164557e+04	6.699139e-04	1.435966e+00
3.169572e+04	6.453493e-04	1.424904e+00
3.174603e+04	7.311493e-04	1.413881e+00
3.179650e+04	6.970799e-04	1.402899e+00
3.184713e+04	6.434967e-04	1.391956e+00
3.189793e+04	5.798554e-04	1.381055e+00
3.194888e+04	5.713846e-04	1.370193e+00
3.200000e+04	5.250586e-04	1.359373e+00
3.205128e+04	4.954615e-04	1.348594e+00
3.210273e+04	4.478621e-04	1.337855e+00
3.215434e+04	4.390360e-04	1.327157e+00
3.220612e+04	3.459103e-04	1.316501e+00
3.225806e+04	2.674079e-04	1.305887e+00
3.231018e+04	2.267547e-04	1.295315e+00
3.236246e+04	2.129035e-04	1.284783e+00
3.241491e+04	2.165169e-04	1.274294e+00
3.246753e+04	1.968713e-04	1.263847e+00
3.252033e+04	1.840821e-04	1.253442e+00
3.257329e+04	1.436920e-04	1.243079e+00
3.262643e+04	1.086724e-04	1.232760e+00
3.267974e+04	9.504054e-05	1.222482e+00
3.273322e+04	9.506619e-05	1.212248e+00
3.278689e+04	8.310481e-05	1.202056e+00
3.284072e+04	5.996682e-05	1.191908e+00
3.289474e+04	4.710721e-05	1.181803e+00
3.294893e+04	4.425441e-05	1.171741e+00
3.300330e+04	3.427414e-05	1.161722e+00
3.305785e+04	2.004902e-05	1.151748e+00
3.311258e+04	1.328842e-05	1.141817e+00
3.316750e+04	1.200001e-05	1.131929e+00
3.322259e+04	8.328588e-06	1.122086e+00
3.327787e+04	5.165806e-06	1.112286e+00
3.333333e+04	4.106790e-06	1.102532e+00
3.338898e+04	3.353534e-06	1.092821e+00
3.344482e+04	1.816897e-06	1.083155e+00
3.350084e+04	1.271489e-06	1.073533e+00
3.355705e+04	9.881221e-07	1.063956e+00
3.361345e+04	6.010636e-07	1.054425e+00
3.367003e+04	2.927392e-07	1.044937e+00
3.372681e+04	2.049410e-07	1.035494e+00
3.378378e+04	1.291197e-07	1.026097e+00
3.384095e+04	7.003608e-08	1.016746e+00
3.389831e+04	2.806208e-08	1.007440e+00
3.395586e+04	1.384648e-08	9.981783e-01
3.401361e+04	8.173215e-09	9.889627e-01
3.407155e+04	4.056869e-09	9.797931e-01
3.412969e+04	1.352980e-09	9.706688e-01
3.418803e+04	6.024358e-10	9.615902e-01
3.424658e+04	3.477833e-10	9.525586e-01
3.430532e+04	1.225725e-10	9.435715e-01
3.436426e+04	3.299595e-11	9.346321e-01
3.442341e+04	1.122643e-11	9.257380e-01
3.448276e+04	4.327281e-12	9.168902e-01
3.454231e+04	1.287996e-12	9.080885e-01
3.460208e+04	2.921398e-13	8.993337e-01
3.466205e+04	7.545087e-14	8.906248e-01
3.472222e+04	2.327492e-14	8.819636e-01
3.478261e+04	3.026707e-15	8.733487e-01
3.484321e+04	5.975624e-16	8.647797e-01
3.490401e+04	1.515074e-16	8.562583e-01
3.496503e+04	1.922451e-17	8.477836e-01
3.502627e+04	5.251216e-18	8.393556e-01
3.508772e+04	7.310088e-19	8.309754e-01
3.514938e+04	1.750252e-19	8.226419e-01
3.521127e+04	4.019734e-20	8.143551e-01
3.527337e+04	1.174560e-21	8.061156e-01
3.533569e+04	5.417700e-22	7.979235e-01
3.539823e+04	1.059109e-22	7.897792e-01
3.546099e+04	2.254187e-23	7.816821e-01
3.552398e+04	2.177498e-24	7.736318e-01
3.558719e+04	4.836598e-26	7.656294e-01
3.565062e+04	8.589523e-27	7.576743e-01
3.571429e+04	1.988302e-28	7.497668e-01
