0 1.799999e+02 1.625780e-13 1.847096e-03 nan -nan
1 1.899999e+02 2.020228e-13 2.145096e-03 nan -nan
2 2.000000e+02 2.482235e-13 2.500597e-03 nan -nan
3 2.100002e+02 3.018923e-13 2.851590e-03 nan -nan
4 2.200002e+02 3.637429e-13 3.265665e-03 nan -nan
5 2.299998e+02 4.344073e-13 3.637314e-03 nan -nan
6 2.399998e+02 5.152408e-13 4.004253e-03 nan -nan
7 2.500000e+02 6.068586e-13 4.469267e-03 nan -nan
8 2.600003e+02 7.098761e-13 4.934016e-03 nan -nan
9 2.700003e+02 8.254584e-13 5.385841e-03 nan -nan
10 2.799999e+02 9.547035e-13 5.855272e-03 nan -nan
11 2.899997e+02 1.098351e-12 6.344752e-03 nan -nan
12 3.000003e+02 1.258067e-12 6.791860e-03 nan -nan
13 3.099997e+02 1.435210e-12 7.350546e-03 nan -nan
14 3.200000e+02 1.629670e-12 7.976867e-03 nan -nan
15 3.300003e+02 1.842750e-12 8.575156e-03 nan -nan
16 3.399996e+02 2.076444e-12 9.205204e-03 nan -nan
17 3.500004e+02 2.330932e-12 9.879235e-03 nan -nan
18 3.599997e+02 2.608393e-12 1.053142e-02 nan -nan
19 3.700004e+02 2.909690e-12 1.123713e-02 nan -nan
20 3.799998e+02 3.235661e-12 1.193721e-02 nan -nan
21 3.900004e+02 3.588641e-12 1.266348e-02 nan -nan
22 4.000000e+02 3.968949e-12 1.340734e-02 nan -nan
23 4.100007e+02 4.377994e-12 1.415113e-02 nan -nan
24 4.200004e+02 4.818122e-12 1.488940e-02 nan -nan
25 4.300003e+02 5.291499e-12 1.563720e-02 nan -nan
26 4.399995e+02 5.798964e-12 1.647246e-02 nan -nan
27 4.500005e+02 6.339063e-12 1.730044e-02 nan -nan
28 4.600006e+02 6.916501e-12 1.807097e-02 nan -nan
29 4.699999e+02 7.533888e-12 1.893130e-02 nan -nan
30 4.800008e+02 8.188772e-12 1.979960e-02 nan -nan
31 4.899991e+02 8.886025e-12 2.066414e-02 nan -nan
32 5.000000e+02 9.624274e-12 2.152175e-02 nan -nan
33 5.100011e+02 1.041013e-11 2.233877e-02 nan -nan
34 5.199992e+02 1.124342e-11 2.325579e-02 nan -nan
35 5.300007e+02 1.212065e-11 2.416598e-02 nan -nan
36 5.400005e+02 1.304921e-11 2.503210e-02 nan -nan
37 5.500006e+02 1.402840e-11 2.588814e-02 nan -nan
38 5.600013e+02 1.506759e-11 2.674071e-02 nan -nan
39 5.699987e+02 1.615849e-11 2.770835e-02 nan -nan
40 5.799993e+02 1.730398e-11 2.861110e-02 nan -nan
41 5.899983e+02 1.851159e-11 2.947755e-02 nan -nan
42 5.999988e+02 1.978500e-11 3.034843e-02 nan -nan
43 6.100016e+02 2.111827e-11 3.135311e-02 nan -nan
44 6.200012e+02 2.251365e-11 3.219300e-02 nan -nan
45 6.300006e+02 2.398503e-11 3.305528e-02 nan -nan
46 6.400000e+02 2.553269e-11 3.404034e-02 nan -nan
47 6.500007e+02 2.713782e-11 3.509379e-02 nan -nan
48 6.600007e+02 2.881931e-11 3.600306e-02 nan -nan
49 6.699988e+02 3.057470e-11 3.695519e-02 nan -nan
50 6.799992e+02 3.240827e-11 3.783524e-02 nan -nan
51 6.899978e+02 3.432569e-11 3.874619e-02 nan -nan
52 7.000007e+02 3.633536e-11 3.957387e-02 nan -nan
53 7.100004e+02 3.844401e-11 4.053633e-02 nan -nan
54 7.199994e+02 4.062427e-11 4.160079e-02 nan -nan
55 7.300016e+02 4.289226e-11 4.251205e-02 nan -nan
56 7.400007e+02 4.526869e-11 4.351523e-02 nan -nan
57 7.500019e+02 4.772276e-11 4.451293e-02 nan -nan
58 7.599997e+02 5.028185e-11 4.544034e-02 nan -nan
59 7.700008e+02 5.295472e-11 4.641038e-02 nan -nan
60 7.800008e+02 5.572896e-11 4.751106e-02 nan -nan
61 7.900017e+02 5.858902e-11 4.851242e-02 nan -nan
62 8.000000e+02 6.157874e-11 4.944367e-02 nan -nan
63 8.099986e+02 6.467149e-11 5.047066e-02 nan -nan
64 8.200015e+02 6.788407e-11 5.150233e-02 nan -nan
65 8.299995e+02 7.120730e-11 5.253711e-02 nan -nan
66 8.399973e+02 7.465325e-11 5.350484e-02 nan -nan
67 8.500004e+02 7.823402e-11 5.439067e-02 nan -nan
68 8.600005e+02 8.198991e-11 5.534003e-02 nan -nan
69 8.699964e+02 8.583458e-11 5.681482e-02 nan -nan
70 8.800028e+02 8.973554e-11 5.783379e-02 nan -nan
71 8.899964e+02 9.385431e-11 5.881363e-02 nan -nan
72 9.000009e+02 9.809862e-11 5.986971e-02 nan -nan
73 9.100009e+02 1.024768e-10 6.094360e-02 nan -nan
74 9.199971e+02 1.070221e-10 6.202106e-02 nan -nan
75 9.299990e+02 1.117085e-10 6.312354e-02 nan -nan
76 9.399998e+02 1.165854e-10 6.428594e-02 nan -nan
77 9.500014e+02 1.215588e-10 6.560106e-02 nan -nan
78 9.599969e+02 1.266831e-10 6.667536e-02 nan -nan
79 9.699980e+02 1.319884e-10 6.788685e-02 nan -nan
80 9.799982e+02 1.374440e-10 6.900208e-02 nan -nan
81 9.900010e+02 1.430927e-10 7.023152e-02 nan -nan
82 1.000000e+03 1.488869e-10 7.141984e-02 nan -nan
83 1.009999e+03 1.548505e-10 7.267705e-02 nan -nan
84 1.020002e+03 1.609870e-10 7.376589e-02 nan -nan
85 1.030004e+03 1.673756e-10 7.494143e-02 nan -nan
86 1.039998e+03 1.739391e-10 7.621961e-02 nan -nan
87 1.050001e+03 1.806205e-10 7.763137e-02 nan -nan
88 1.059996e+03 1.874841e-10 7.882929e-02 nan -nan
89 1.069999e+03 1.945553e-10 8.012146e-02 nan -nan
90 1.079995e+03 2.018312e-10 8.111535e-02 nan -nan
91 1.090001e+03 2.094398e-10 8.246359e-02 nan -nan
92 1.100001e+03 2.171338e-10 8.387645e-02 nan -nan
93 1.110001e+03 2.250394e-10 8.533829e-02 nan -nan
94 1.119996e+03 2.330264e-10 8.666599e-02 nan -nan
95 1.129995e+03 2.413272e-10 8.764688e-02 nan -nan
96 1.140004e+03 2.499997e-10 8.885515e-02 nan -nan
97 1.149994e+03 2.588144e-10 9.042056e-02 nan -nan
98 1.159999e+03 2.677387e-10 9.173047e-02 nan -nan
99 1.170001e+03 2.770310e-10 9.297841e-02 nan -nan
100 1.179997e+03 2.864862e-10 9.427058e-02 nan -nan
101 1.189995e+03 2.962156e-10 9.555815e-02 nan -nan
102 1.200005e+03 3.062328e-10 9.703072e-02 nan -nan
103 1.209995e+03 3.163416e-10 9.846697e-02 nan -nan
104 1.220003e+03 3.267713e-10 9.954651e-02 nan -nan
105 1.229997e+03 3.376917e-10 1.009925e-01 nan -nan
106 1.240002e+03 3.485261e-10 1.026103e-01 nan -nan
107 1.250000e+03 3.597282e-10 1.036688e-01 nan -nan
108 1.260001e+03 3.713037e-10 1.052259e-01 nan -nan
109 1.270003e+03 3.829048e-10 1.065181e-01 nan -nan
110 1.280000e+03 3.950971e-10 1.076979e-01 nan -nan
111 1.290006e+03 4.074835e-10 1.091813e-01 nan -nan
112 1.300001e+03 4.200761e-10 1.105267e-01 nan -nan
113 1.309998e+03 4.330135e-10 1.118638e-01 nan -nan
114 1.319993e+03 4.461918e-10 1.132726e-01 nan -nan
115 1.329999e+03 4.597841e-10 1.144337e-01 nan -nan
116 1.339998e+03 4.737139e-10 1.159095e-01 nan -nan
117 1.350001e+03 4.879429e-10 1.173128e-01 nan -nan
118 1.360008e+03 5.025042e-10 1.187722e-01 nan -nan
119 1.369994e+03 5.173824e-10 1.201875e-01 nan -nan
120 1.379996e+03 5.325742e-10 1.217733e-01 nan -nan
121 1.390009e+03 5.481145e-10 1.232274e-01 nan -nan
122 1.399992e+03 5.638363e-10 1.247710e-01 nan -nan
123 1.410000e+03 5.800125e-10 1.261553e-01 nan -nan
124 1.419991e+03 5.966347e-10 1.278249e-01 nan -nan
125 1.430001e+03 6.133927e-10 1.293166e-01 nan -nan
126 1.440009e+03 6.307343e-10 1.306508e-01 nan -nan
127 1.449990e+03 6.484305e-10 1.324148e-01 nan -nan
128 1.460003e+03 6.661255e-10 1.338679e-01 nan -nan
129 1.470005e+03 6.845731e-10 1.352836e-01 nan -nan
130 1.479991e+03 7.034470e-10 1.369155e-01 nan -nan
131 1.490002e+03 7.225637e-10 1.386687e-01 nan -nan
132 1.499993e+03 7.420406e-10 1.403180e-01 nan -nan
133 1.510004e+03 7.617918e-10 1.419020e-01 nan -nan
134 1.520011e+03 7.820196e-10 1.434167e-01 nan -nan
135 1.530011e+03 8.030068e-10 1.450410e-01 nan -nan
136 1.540002e+03 8.238272e-10 1.469864e-01 nan -nan
137 1.550003e+03 8.449089e-10 1.480521e-01 nan -nan
138 1.559989e+03 8.672004e-10 1.493818e-01 nan -nan
139 1.570007e+03 8.902928e-10 1.508509e-01 nan -nan
140 1.580003e+03 9.144385e-10 1.528357e-01 nan -nan
141 1.590002e+03 9.382784e-10 1.563367e-01 nan -nan
142 1.600000e+03 9.600088e-10 1.588356e-01 nan -nan
143 1.609995e+03 9.829698e-10 1.597995e-01 nan -nan
144 1.620010e+03 1.007646e-09 1.611408e-01 nan -nan
145 1.629992e+03 1.032309e-09 1.628356e-01 nan -nan
146 1.639990e+03 1.057857e-09 1.641893e-01 nan -nan
147 1.650002e+03 1.084036e-09 1.661712e-01 nan -nan
148 1.659999e+03 1.110383e-09 1.676410e-01 nan -nan
149 1.670007e+03 1.137463e-09 1.697394e-01 nan -nan
150 1.679995e+03 1.164349e-09 1.712980e-01 nan -nan
151 1.689989e+03 1.192662e-09 1.731570e-01 nan -nan
152 1.699986e+03 1.220481e-09 1.750520e-01 nan -nan
153 1.709986e+03 1.249440e-09 1.764685e-01 nan -nan
154 1.719986e+03 1.279476e-09 1.784228e-01 nan -nan
155 1.730014e+03 1.309736e-09 1.805429e-01 nan -nan
156 1.740008e+03 1.339674e-09 1.827223e-01 nan -nan
157 1.749996e+03 1.370305e-09 1.839948e-01 nan -nan
158 1.760006e+03 1.402238e-09 1.857362e-01 nan -nan
159 1.770005e+03 1.434517e-09 1.878486e-01 nan -nan
160 1.779993e+03 1.466841e-09 1.897142e-01 nan -nan
161 1.789997e+03 1.500689e-09 1.916280e-01 nan -nan
162 1.799986e+03 1.534292e-09 1.937573e-01 nan -nan
163 1.809988e+03 1.568562e-09 1.955493e-01 nan -nan
164 1.820002e+03 1.604042e-09 1.977113e-01 nan -nan
165 1.829994e+03 1.639444e-09 1.999786e-01 nan -nan
166 1.839994e+03 1.675428e-09 2.020011e-01 nan -nan
167 1.850002e+03 1.711573e-09 2.039199e-01 nan -nan
168 1.860015e+03 1.749539e-09 2.057770e-01 nan -nan
169 1.869998e+03 1.787560e-09 2.079898e-01 nan -nan
170 1.880017e+03 1.826380e-09 2.100312e-01 nan -nan
171 1.890002e+03 1.865999e-09 2.124316e-01 nan -nan
172 1.899985e+03 1.905405e-09 2.145784e-01 nan -nan
173 1.910001e+03 1.946133e-09 2.166716e-01 nan -nan
174 1.920012e+03 1.987751e-09 2.190503e-01 nan -nan
175 1.930018e+03 2.029336e-09 2.214381e-01 nan -nan
176 1.940015e+03 2.071565e-09 2.236371e-01 nan -nan
177 1.950002e+03 2.115015e-09 2.259859e-01 nan -nan
178 1.960016e+03 2.159062e-09 2.283863e-01 nan -nan
179 1.970016e+03 2.203523e-09 2.308354e-01 nan -nan
180 1.980002e+03 2.248734e-09 2.331807e-01 nan -nan
181 1.990010e+03 2.296068e-09 2.362751e-01 nan -nan
182 2.000000e+03 2.340463e-09 2.398580e-01 nan -nan
183 2.010010e+03 2.384493e-09 2.417793e-01 nan -nan
184 2.019998e+03 2.431184e-09 2.433336e-01 nan -nan
185 2.030003e+03 2.480228e-09 2.455280e-01 nan -nan
186 2.039984e+03 2.529178e-09 2.481707e-01 nan -nan
187 2.050021e+03 2.578454e-09 2.508025e-01 nan -nan
188 2.059987e+03 2.627723e-09 2.528820e-01 nan -nan
189 2.070008e+03 2.679713e-09 2.547924e-01 nan -nan
190 2.079997e+03 2.732187e-09 2.577116e-01 nan -nan
191 2.089995e+03 2.784188e-09 2.601734e-01 nan -nan
192 2.100002e+03 2.838192e-09 2.627827e-01 nan -nan
193 2.110016e+03 2.890317e-09 2.653077e-01 nan -nan
194 2.119992e+03 2.944926e-09 2.673838e-01 nan -nan
195 2.130016e+03 3.000695e-09 2.698599e-01 nan -nan
196 2.139999e+03 3.057519e-09 2.724336e-01 nan -nan
197 2.149983e+03 3.114286e-09 2.749794e-01 nan -nan
198 2.160014e+03 3.173577e-09 2.774112e-01 nan -nan
199 2.169998e+03 3.232632e-09 2.804836e-01 nan -nan
200 2.179979e+03 3.290845e-09 2.830449e-01 nan -nan
201 2.190005e+03 3.350042e-09 2.859177e-01 nan -nan
202 2.199978e+03 3.410155e-09 2.881946e-01 nan -nan
203 2.209994e+03 3.472685e-09 2.910919e-01 nan -nan
204 2.220002e+03 3.534397e-09 2.935734e-01 nan -nan
205 2.230002e+03 3.598360e-09 2.960880e-01 nan -nan
206 2.239993e+03 3.662881e-09 2.987894e-01 nan -nan
207 2.250023e+03 3.728738e-09 3.016512e-01 nan -nan
208 2.259989e+03 3.793645e-09 3.046475e-01 nan -nan
209 2.269993e+03 3.860142e-09 3.073237e-01 nan -nan
210 2.279982e+03 3.929065e-09 3.103530e-01 nan -nan
211 2.290006e+03 3.999111e-09 3.140577e-01 nan -nan
212 2.300014e+03 4.065572e-09 3.179967e-01 nan -nan
213 2.310002e+03 4.133447e-09 3.217554e-01 nan -nan
214 2.320024e+03 4.193763e-09 3.256999e-01 nan -nan
215 2.330025e+03 4.254422e-09 3.271173e-01 nan -nan
216 2.340002e+03 4.316650e-09 3.280761e-01 nan -nan
217 2.350011e+03 4.387042e-09 3.298954e-01 nan -nan
218 2.359993e+03 4.442827e-09 3.297363e-01 nan -nan
219 2.370005e+03 4.520360e-09 3.253918e-01 nan -nan
220 2.379989e+03 4.616918e-09 3.257986e-01 nan -nan
221 2.390000e+03 4.710038e-09 3.302547e-01 nan -nan
222 2.399981e+03 4.790421e-09 3.342677e-01 nan -nan
223 2.409987e+03 4.872348e-09 3.372835e-01 nan -nan
224 2.420018e+03 4.956754e-09 3.409517e-01 nan -nan
225 2.430016e+03 5.036432e-09 3.441164e-01 nan -nan
226 2.439977e+03 5.119204e-09 3.469730e-01 nan -nan
227 2.450020e+03 5.203375e-09 3.497004e-01 nan -nan
228 2.460025e+03 5.290689e-09 3.528421e-01 nan -nan
229 2.469990e+03 5.374804e-09 3.556864e-01 nan -nan
230 2.479974e+03 5.462005e-09 3.582529e-01 nan -nan
231 2.489978e+03 5.550280e-09 3.615986e-01 nan -nan
232 2.500000e+03 5.635962e-09 3.644334e-01 nan -nan
233 2.509977e+03 5.727036e-09 3.670054e-01 nan -nan
234 2.519971e+03 5.816802e-09 3.701246e-01 nan -nan
235 2.529980e+03 5.908672e-09 3.728270e-01 nan -nan
236 2.540005e+03 6.002543e-09 3.759005e-01 nan -nan
237 2.549980e+03 6.094876e-09 3.789058e-01 nan -nan
238 2.559967e+03 6.188447e-09 3.815258e-01 nan -nan
239 2.569967e+03 6.283176e-09 3.841611e-01 nan -nan
240 2.579979e+03 6.381381e-09 3.868989e-01 nan -nan
241 2.590003e+03 6.479357e-09 3.899361e-01 nan -nan
242 2.599969e+03 6.581343e-09 3.926023e-01 nan -nan
243 2.610012e+03 6.682255e-09 3.958692e-01 nan -nan
244 2.619996e+03 6.780716e-09 3.988713e-01 nan -nan
245 2.629987e+03 6.879897e-09 4.012665e-01 nan -nan
246 2.639985e+03 6.987410e-09 4.041940e-01 nan -nan
247 2.649989e+03 7.093527e-09 4.074881e-01 nan -nan
248 2.659999e+03 7.197683e-09 4.105160e-01 nan -nan
249 2.670013e+03 7.304833e-09 4.128113e-01 nan -nan
250 2.680031e+03 7.414028e-09 4.164217e-01 nan -nan
251 2.689980e+03 7.520986e-09 4.190375e-01 nan -nan
252 2.700003e+03 7.632171e-09 4.220323e-01 nan -nan
253 2.710027e+03 7.744699e-09 4.245800e-01 nan -nan
254 2.719978e+03 7.858623e-09 4.280110e-01 nan -nan
255 2.730003e+03 7.971650e-09 4.309035e-01 nan -nan
256 2.740026e+03 8.085832e-09 4.338110e-01 nan -nan
257 2.749973e+03 8.204953e-09 4.362909e-01 nan -nan
258 2.759991e+03 8.325927e-09 4.402461e-01 nan -nan
259 2.770006e+03 8.439079e-09 4.426634e-01 nan -nan
260 2.780017e+03 8.564276e-09 4.451359e-01 nan -nan
261 2.790023e+03 8.689817e-09 4.488853e-01 nan -nan
262 2.800022e+03 8.811798e-09 4.521096e-01 nan -nan
263 2.810015e+03 8.936407e-09 4.552956e-01 nan -nan
264 2.819999e+03 9.060008e-09 4.583303e-01 nan -nan
265 2.829975e+03 9.186254e-09 4.613219e-01 nan -nan
266 2.840022e+03 9.320008e-09 4.649154e-01 nan -nan
267 2.849977e+03 9.442999e-09 4.684077e-01 nan -nan
268 2.860003e+03 9.571550e-09 4.707584e-01 nan -nan
269 2.870017e+03 9.704216e-09 4.740582e-01 nan -nan
270 2.880018e+03 9.837290e-09 4.771373e-01 nan -nan
271 2.890006e+03 9.974165e-09 4.798705e-01 nan -nan
272 2.899980e+03 1.011036e-08 4.832168e-01 nan -nan
273 2.910022e+03 1.024629e-08 4.864108e-01 nan -nan
274 2.919964e+03 1.038573e-08 4.894837e-01 nan -nan
275 2.929974e+03 1.052469e-08 4.929543e-01 nan -nan
276 2.939966e+03 1.066696e-08 4.952576e-01 nan -nan
277 2.950027e+03 1.081130e-08 4.987082e-01 nan -nan
278 2.959981e+03 1.095373e-08 5.016532e-01 nan -nan
279 2.970003e+03 1.110538e-08 5.046914e-01 nan -nan
280 2.980004e+03 1.125615e-08 5.083824e-01 nan -nan
281 2.989984e+03 1.140118e-08 5.114407e-01 nan -nan
282 3.000030e+03 1.155484e-08 5.143329e-01 nan -nan
283 3.009963e+03 1.170910e-08 5.180739e-01 nan -nan
284 3.019962e+03 1.186079e-08 5.211170e-01 nan -nan
285 3.030028e+03 1.202258e-08 5.242575e-01 nan -nan
286 3.039976e+03 1.217609e-08 5.285340e-01 nan -nan
287 3.049989e+03 1.233468e-08 5.315635e-01 nan -nan
288 3.059976e+03 1.249076e-08 5.350095e-01 nan -nan
289 3.070027e+03 1.265187e-08 5.377971e-01 nan -nan
290 3.079956e+03 1.281818e-08 5.413428e-01 nan -nan
291 3.090044e+03 1.298282e-08 5.447913e-01 nan -nan
292 3.100006e+03 1.315318e-08 5.477475e-01 nan -nan
293 3.110033e+03 1.332211e-08 5.524315e-01 nan -nan
294 3.120027e+03 1.348091e-08 5.558436e-01 nan -nan
295 3.129988e+03 1.364985e-08 5.580465e-01 nan -nan
296 3.140013e+03 1.383440e-08 5.612228e-01 nan -nan
297 3.150003e+03 1.401598e-08 5.655003e-01 nan -nan
298 3.159957e+03 1.418647e-08 5.697925e-01 nan -nan
299 3.169974e+03 1.435842e-08 5.731544e-01 nan -nan
300 3.179954e+03 1.453551e-08 5.760787e-01 nan -nan
301 3.189996e+03 1.472813e-08 5.797192e-01 nan -nan
302 3.200000e+03 1.490554e-08 5.848074e-01 nan -nan
303 3.209964e+03 1.508707e-08 5.884702e-01 nan -nan
304 3.219990e+03 1.525930e-08 5.917592e-01 nan -nan
305 3.229974e+03 1.544778e-08 5.939816e-01 nan -nan
306 3.240021e+03 1.564170e-08 5.982637e-01 nan -nan
307 3.250024e+03 1.582892e-08 6.016833e-01 nan -nan
308 3.259984e+03 1.601838e-08 6.054317e-01 nan -nan
309 3.270004e+03 1.621246e-08 6.088122e-01 nan -nan
310 3.279979e+03 1.640554e-08 6.126010e-01 nan -nan
311 3.290015e+03 1.660862e-08 6.155361e-01 nan -nan
312 3.300003e+03 1.681033e-08 6.203571e-01 nan -nan
313 3.310053e+03 1.700517e-08 6.232204e-01 nan -nan
314 3.320053e+03 1.721981e-08 6.275316e-01 nan -nan
315 3.330003e+03 1.741745e-08 6.314955e-01 nan -nan
316 3.340013e+03 1.761991e-08 6.350718e-01 nan -nan
317 3.349972e+03 1.782469e-08 6.389989e-01 nan -nan
318 3.359989e+03 1.803633e-08 6.428799e-01 nan -nan
319 3.369953e+03 1.824291e-08 6.465004e-01 nan -nan
320 3.379977e+03 1.846205e-08 6.511277e-01 nan -nan
321 3.389945e+03 1.866033e-08 6.542370e-01 nan -nan
322 3.399973e+03 1.888347e-08 6.581199e-01 nan -nan
323 3.409943e+03 1.909511e-08 6.614509e-01 nan -nan
324 3.419973e+03 1.932840e-08 6.656527e-01 nan -nan
325 3.429943e+03 1.954537e-08 6.701942e-01 nan -nan
326 3.439972e+03 1.975892e-08 6.744880e-01 nan -nan
327 3.449941e+03 1.997290e-08 6.779653e-01 nan -nan
328 3.459968e+03 2.019219e-08 6.810090e-01 nan -nan
329 3.470053e+03 2.043011e-08 6.850418e-01 nan -nan
330 3.479955e+03 2.065213e-08 6.884619e-01 nan -nan
331 3.490036e+03 2.088737e-08 6.913834e-01 nan -nan
332 3.500053e+03 2.113419e-08 6.962239e-01 nan -nan
333 3.510004e+03 2.136213e-08 7.014181e-01 nan -nan
334 3.520011e+03 2.159153e-08 7.045324e-01 nan -nan
335 3.529952e+03 2.183571e-08 7.082633e-01 nan -nan
336 3.539948e+03 2.206797e-08 7.122720e-01 nan -nan
337 3.550002e+03 2.231093e-08 7.166272e-01 nan -nan
338 3.559986e+03 2.254669e-08 7.197811e-01 nan -nan
339 3.570026e+03 2.280664e-08 7.235151e-01 nan -nan
340 3.579995e+03 2.305029e-08 7.284046e-01 nan -nan
341 3.590020e+03 2.329760e-08 7.324273e-01 nan -nan
342 3.599971e+03 2.353098e-08 7.362049e-01 nan -nan
343 3.609978e+03 2.378750e-08 7.392533e-01 nan -nan
344 3.620041e+03 2.404389e-08 7.437497e-01 nan -nan
345 3.630028e+03 2.429483e-08 7.474066e-01 nan -nan
346 3.639937e+03 2.455417e-08 7.514031e-01 nan -nan
347 3.650035e+03 2.481234e-08 7.541676e-01 nan -nan
348 3.660054e+03 2.508702e-08 7.595116e-01 nan -nan
349 3.669994e+03 2.532602e-08 7.625129e-01 nan -nan
350 3.679988e+03 2.561101e-08 7.668621e-01 nan -nan
351 3.690037e+03 2.586493e-08 7.712250e-01 nan -nan
352 3.700004e+03 2.612525e-08 7.745308e-01 nan -nan
353 3.710024e+03 2.640578e-08 7.771584e-01 nan -nan
354 3.719961e+03 2.669081e-08 7.826368e-01 nan -nan
355 3.729952e+03 2.693706e-08 7.862308e-01 nan -nan
356 3.739996e+03 2.721070e-08 7.890523e-01 nan -nan
357 3.749953e+03 2.751414e-08 7.929856e-01 nan -nan
358 3.759964e+03 2.778626e-08 7.973651e-01 nan -nan
359 3.770028e+03 2.807054e-08 7.996658e-01 nan -nan
360 3.780004e+03 2.837369e-08 8.047474e-01 nan -nan
361 3.790032e+03 2.864138e-08 8.087938e-01 nan -nan
362 3.799970e+03 2.894208e-08 8.119435e-01 nan -nan
363 3.809959e+03 2.924929e-08 8.166238e-01 nan -nan
364 3.820002e+03 2.953393e-08 8.211130e-01 nan -nan
365 3.829950e+03 2.981834e-08 8.245505e-01 nan -nan
366 3.839951e+03 3.011764e-08 8.284093e-01 nan -nan
367 3.850004e+03 3.043235e-08 8.326987e-01 nan -nan
368 3.859961e+03 3.071466e-08 8.362516e-01 nan -nan
369 3.869969e+03 3.102046e-08 8.401521e-01 nan -nan
370 3.880029e+03 3.133115e-08 8.429986e-01 nan -nan
371 3.889991e+03 3.165199e-08 8.473278e-01 nan -nan
372 3.900004e+03 3.196834e-08 8.517708e-01 nan -nan
373 3.910068e+03 3.229359e-08 8.556544e-01 nan -nan
374 3.920031e+03 3.261289e-08 8.601230e-01 nan -nan
375 3.930045e+03 3.291418e-08 8.642755e-01 nan -nan
376 3.939955e+03 3.323711e-08 8.676527e-01 nan -nan
377 3.950071e+03 3.356409e-08 8.716856e-01 nan -nan
378 3.959926e+03 3.388437e-08 8.756746e-01 nan -nan
379 3.969987e+03 3.420440e-08 8.798055e-01 nan -nan
380 3.979941e+03 3.454328e-08 8.826218e-01 nan -nan
381 3.989945e+03 3.491723e-08 8.880251e-01 nan -nan
382 4.000000e+03 3.524261e-08 8.933568e-01 nan -nan
383 4.016064e+03 3.576333e-08 9.002304e-01 nan -nan
384 4.032258e+03 3.631427e-08 9.070047e-01 nan -nan
385 4.048583e+03 3.684860e-08 9.146464e-01 nan -nan
386 4.065041e+03 3.738038e-08 9.194850e-01 nan -nan
387 4.081633e+03 3.796425e-08 9.252415e-01 nan -nan
388 4.098361e+03 3.855962e-08 9.310488e-01 nan -nan
389 4.115226e+03 3.917157e-08 9.374807e-01 nan -nan
390 4.132231e+03 3.978890e-08 9.446307e-01 nan -nan
391 4.149378e+03 4.038934e-08 9.514222e-01 nan -nan
392 4.166667e+03 4.106252e-08 9.578939e-01 nan -nan
393 4.184100e+03 4.172475e-08 9.645830e-01 nan -nan
394 4.201681e+03 4.239289e-08 9.720139e-01 nan -nan
395 4.219409e+03 4.308217e-08 9.788393e-01 nan -nan
396 4.237288e+03 4.376426e-08 9.864942e-01 nan -nan
397 4.255319e+03 4.448164e-08 9.934592e-01 nan -nan
398 4.273504e+03 4.519981e-08 1.000567e+00 nan -nan
399 4.291845e+03 4.594688e-08 1.007670e+00 nan -nan
400 4.310345e+03 4.669485e-08 1.014916e+00 nan -nan
401 4.329004e+03 4.745812e-08 1.022232e+00 nan -nan
402 4.347826e+03 4.825237e-08 1.029548e+00 nan -nan
403 4.366812e+03 4.905399e-08 1.037663e+00 nan -nan
404 4.385965e+03 4.986592e-08 1.045203e+00 nan -nan
405 4.405286e+03 5.070460e-08 1.052080e+00 nan -nan
406 4.424779e+03 5.154435e-08 1.059090e+00 nan -nan
407 4.444444e+03 5.245970e-08 1.066641e+00 nan -nan
408 4.464286e+03 5.336750e-08 1.075091e+00 nan -nan
409 4.484305e+03 5.427719e-08 1.083700e+00 nan -nan
410 4.504505e+03 5.521748e-08 1.091638e+00 nan -nan
411 4.524887e+03 5.616690e-08 1.100428e+00 nan -nan
412 4.545455e+03 5.714852e-08 1.108536e+00 nan -nan
413 4.566210e+03 5.815177e-08 1.116727e+00 nan -nan
414 4.587156e+03 5.917723e-08 1.125004e+00 nan -nan
415 4.608295e+03 6.023349e-08 1.134102e+00 nan -nan
416 4.629630e+03 6.130534e-08 1.142560e+00 nan -nan
417 4.651163e+03 6.240125e-08 1.151107e+00 nan -nan
418 4.672897e+03 6.355247e-08 1.160438e+00 nan -nan
419 4.694836e+03 6.470792e-08 1.169938e+00 nan -nan
420 4.716981e+03 6.590404e-08 1.178715e+00 nan -nan
421 4.739336e+03 6.711357e-08 1.188425e+00 nan -nan
422 4.761905e+03 6.835110e-08 1.198246e+00 nan -nan
423 4.784689e+03 6.964227e-08 1.208122e+00 nan -nan
424 4.807692e+03 7.094866e-08 1.218975e+00 nan -nan
425 4.830918e+03 7.228600e-08 1.229962e+00 nan -nan
426 4.854369e+03 7.364478e-08 1.240264e+00 nan -nan
427 4.878049e+03 7.504643e-08 1.251516e+00 nan -nan
428 4.901961e+03 7.647085e-08 1.262070e+00 nan -nan
429 4.926108e+03 7.794057e-08 1.273596e+00 nan -nan
430 4.950495e+03 7.940483e-08 1.284465e+00 nan -nan
431 4.975124e+03 8.092239e-08 1.294538e+00 nan -nan
432 5.000000e+03 8.256295e-08 1.306365e+00 nan -nan
433 5.025126e+03 8.417451e-08 1.320286e+00 nan -nan
434 5.050505e+03 8.578752e-08 1.331707e+00 nan -nan
435 5.076142e+03 8.749934e-08 1.345027e+00 nan -nan
436 5.102041e+03 8.919279e-08 1.356742e+00 nan -nan
437 5.128205e+03 9.094125e-08 1.369526e+00 nan -nan
438 5.154639e+03 9.276947e-08 1.382423e+00 nan -nan
439 5.181347e+03 9.460654e-08 1.395538e+00 nan -nan
440 5.208333e+03 9.652807e-08 1.408773e+00 nan -nan
441 5.235602e+03 9.845923e-08 1.422228e+00 nan -nan
442 5.263158e+03 1.004233e-07 1.434870e+00 nan -nan
443 5.291005e+03 1.024690e-07 1.449666e+00 nan -nan
444 5.319149e+03 1.044910e-07 1.462681e+00 nan -nan
445 5.347594e+03 1.066517e-07 1.475773e+00 nan -nan
446 5.376344e+03 1.088515e-07 1.487993e+00 nan -nan
447 5.405405e+03 1.112088e-07 1.503463e+00 nan -nan
448 5.434783e+03 1.135829e-07 1.519192e+00 nan -nan
449 5.464481e+03 1.159906e-07 1.536259e+00 nan -nan
450 5.494505e+03 1.183727e-07 1.551435e+00 nan -nan
451 5.524862e+03 1.208486e-07 1.565673e+00 nan -nan
452 5.555556e+03 1.235390e-07 1.582265e+00 nan -nan
453 5.586592e+03 1.261943e-07 1.599162e+00 nan -nan
454 5.617978e+03 1.289436e-07 1.617451e+00 nan -nan
455 5.649718e+03 1.316869e-07 1.634881e+00 nan -nan
456 5.681818e+03 1.345034e-07 1.652559e+00 nan -nan
457 5.714286e+03 1.373716e-07 1.669291e+00 nan -nan
458 5.747126e+03 1.404060e-07 1.687445e+00 nan -nan
459 5.780347e+03 1.433914e-07 1.705893e+00 nan -nan
460 5.813953e+03 1.464988e-07 1.723340e+00 nan -nan
461 5.847953e+03 1.497175e-07 1.742291e+00 nan -nan
462 5.882353e+03 1.530708e-07 1.760231e+00 nan -nan
463 5.917160e+03 1.564717e-07 1.779723e+00 nan -nan
464 5.952381e+03 1.598603e-07 1.798171e+00 nan -nan
465 5.988024e+03 1.634210e-07 1.816875e+00 nan -nan
466 6.024096e+03 1.670814e-07 1.835837e+00 nan -nan
467 6.060606e+03 1.708763e-07 1.856438e+00 nan -nan
468 6.097561e+03 1.747796e-07 1.877344e+00 nan -nan
469 6.134969e+03 1.787282e-07 1.895729e+00 nan -nan
470 6.172840e+03 1.828576e-07 1.917221e+00 nan -nan
471 6.211180e+03 1.871069e-07 1.939037e+00 nan -nan
472 6.250000e+03 1.913797e-07 1.961130e+00 nan -nan
473 6.289308e+03 1.958785e-07 1.983603e+00 nan -nan
474 6.329114e+03 2.003258e-07 2.003309e+00 nan -nan
475 6.369427e+03 2.051612e-07 2.024946e+00 nan -nan
476 6.410256e+03 2.099551e-07 2.048314e+00 nan -nan
477 6.451613e+03 2.150079e-07 2.072112e+00 nan -nan
478 6.493506e+03 2.199677e-07 2.096090e+00 nan -nan
479 6.535948e+03 2.252354e-07 2.117342e+00 nan -nan
480 6.578947e+03 2.307985e-07 2.143855e+00 nan -nan
481 6.622517e+03 2.363047e-07 2.167318e+00 nan -nan
482 6.666667e+03 2.419305e-07 2.194398e+00 nan -nan
483 6.711409e+03 2.477692e-07 2.218558e+00 nan -nan
484 6.756757e+03 2.539355e-07 2.243207e+00 nan -nan
485 6.802721e+03 2.599825e-07 2.267900e+00 nan -nan
486 6.849315e+03 2.664240e-07 2.294908e+00 nan -nan
487 6.896552e+03 2.730102e-07 2.320484e+00 nan -nan
488 6.944444e+03 2.798571e-07 2.348292e+00 nan -nan
489 6.993007e+03 2.868608e-07 2.374627e+00 nan -nan
490 7.042254e+03 2.938977e-07 2.401115e+00 nan -nan
491 7.092199e+03 3.014043e-07 2.430151e+00 nan -nan
492 7.142857e+03 3.090879e-07 2.457650e+00 nan -nan
493 7.194245e+03 3.170176e-07 2.485546e+00 nan -nan
494 7.246377e+03 3.252698e-07 2.515891e+00 nan -nan
495 7.299270e+03 3.335673e-07 2.546411e+00 nan -nan
496 7.352941e+03 3.420573e-07 2.575270e+00 nan -nan
497 7.407407e+03 3.510580e-07 2.604856e+00 nan -nan
498 7.462687e+03 3.601808e-07 2.636697e+00 nan -nan
499 7.518797e+03 3.695985e-07 2.669009e+00 nan -nan
500 7.575758e+03 3.792443e-07 2.699559e+00 nan -nan
501 7.633588e+03 3.894851e-07 2.730940e+00 nan -nan
502 7.692308e+03 3.995742e-07 2.764231e+00 nan -nan
503 7.751938e+03 4.102035e-07 2.796091e+00 nan -nan
504 7.812500e+03 4.215011e-07 2.828872e+00 nan -nan
505 7.874016e+03 4.326264e-07 2.863555e+00 nan -nan
506 7.936508e+03 4.443629e-07 2.896793e+00 nan -nan
507 8.000000e+03 4.564984e-07 2.930492e+00 nan -nan
508 8.064516e+03 4.687772e-07 2.966606e+00 nan -nan
509 8.130081e+03 4.816513e-07 2.998698e+00 nan -nan
510 8.196721e+03 4.951708e-07 3.036406e+00 nan -nan
511 8.264463e+03 5.086489e-07 3.071370e+00 nan -nan
512 8.333333e+03 5.234441e-07 3.108181e+00 nan -nan
513 8.403361e+03 5.376542e-07 3.148811e+00 nan -nan
514 8.474576e+03 5.524723e-07 3.182457e+00 nan -nan
515 8.547009e+03 5.679138e-07 3.219287e+00 nan -nan
516 8.620690e+03 5.838938e-07 3.256581e+00 nan -nan
517 8.695652e+03 5.997946e-07 3.290572e+00 nan -nan
518 8.771930e+03 6.168979e-07 3.328730e+00 nan -nan
519 8.849558e+03 6.346113e-07 3.367368e+00 nan -nan
520 8.928571e+03 6.528426e-07 3.403484e+00 nan -nan
521 9.009009e+03 6.717358e-07 3.440012e+00 nan -nan
522 9.090909e+03 6.913207e-07 3.476956e+00 nan -nan
523 9.174312e+03 7.117515e-07 3.517450e+00 nan -nan
524 9.259259e+03 7.328172e-07 3.555285e+00 nan -nan
525 9.345794e+03 7.539444e-07 3.592312e+00 nan -nan
526 9.433962e+03 7.773603e-07 3.632264e+00 nan -nan
527 9.523810e+03 8.009140e-07 3.671421e+00 nan -nan
528 9.615385e+03 8.246758e-07 3.712977e+00 nan -nan
529 9.708738e+03 8.499302e-07 3.749657e+00 nan -nan
530 9.803922e+03 8.763088e-07 3.790142e+00 nan -nan
531 9.900990e+03 9.027952e-07 3.829538e+00 nan -nan
532 1.000000e+04 9.312791e-07 3.870921e+00 nan -nan
533 1.010101e+04 9.609157e-07 3.912794e+00 nan -nan
534 1.020408e+04 9.916410e-07 3.951570e+00 nan -nan
535 1.030928e+04 1.022648e-06 3.992591e+00 nan -nan
536 1.041667e+04 1.056061e-06 4.035871e+00 nan -nan
537 1.052632e+04 1.090767e-06 4.075953e+00 nan -nan
538 1.063830e+04 1.127073e-06 4.120244e+00 nan -nan
539 1.075269e+04 1.163505e-06 4.159188e+00 nan -nan
540 1.086957e+04 1.202966e-06 4.204457e+00 nan -nan
541 1.098901e+04 1.242516e-06 4.240279e+00 nan -nan
542 1.111111e+04 1.285309e-06 4.278664e+00 nan -nan
543 1.123596e+04 1.331813e-06 4.327772e+00 nan -nan
544 1.136364e+04 1.377114e-06 4.368709e+00 nan -nan
545 1.149425e+04 1.426117e-06 4.408495e+00 nan -nan
546 1.162791e+04 1.477506e-06 4.452824e+00 nan -nan
547 1.176471e+04 1.535105e-06 4.498954e+00 nan -nan
548 1.190476e+04 1.593772e-06 4.551478e+00 nan -nan
549 1.204819e+04 1.653234e-06 4.593540e+00 nan -nan
550 1.219512e+04 1.717883e-06 4.643331e+00 nan -nan
551 1.234568e+04 1.783584e-06 4.690895e+00 nan -nan
552 1.250000e+04 1.859894e-06 4.748461e+00 nan -nan
553 1.265823e+04 1.937922e-06 4.812884e+00 nan -nan
554 1.282051e+04 2.014907e-06 4.867510e+00 nan -nan
555 1.298701e+04 2.095944e-06 4.922957e+00 nan -nan
556 1.315789e+04 2.184283e-06 4.982772e+00 nan -nan
557 1.333333e+04 2.271290e-06 5.036418e+00 nan -nan
558 1.351351e+04 2.369649e-06 5.093545e+00 nan -nan
559 1.369863e+04 2.470073e-06 5.152614e+00 nan -nan
560 1.388889e+04 2.576178e-06 5.212651e+00 nan -nan
561 1.408451e+04 2.688609e-06 5.268848e+00 nan -nan
562 1.428571e+04 2.807392e-06 5.330875e+00 nan -nan
563 1.449275e+04 2.933532e-06 5.389035e+00 nan -nan
564 1.470588e+04 3.066976e-06 5.453208e+00 nan -nan
565 1.492537e+04 3.204177e-06 5.508863e+00 nan -nan
566 1.515152e+04 3.355852e-06 5.559937e+00 nan -nan
567 1.538462e+04 3.527669e-06 5.626894e+00 nan -nan
568 1.562500e+04 3.710116e-06 5.705907e+00 nan -nan
569 1.587302e+04 3.886916e-06 5.771348e+00 nan -nan
570 1.612903e+04 4.088896e-06 5.843292e+00 nan -nan
571 1.639344e+04 4.298242e-06 5.911448e+00 nan -nan
572 1.666667e+04 4.529539e-06 5.986738e+00 nan -nan
573 1.694915e+04 4.785538e-06 6.069734e+00 nan -nan
574 1.724138e+04 5.052761e-06 6.149049e+00 nan -nan
575 1.754386e+04 5.330045e-06 6.229903e+00 nan -nan
576 1.785714e+04 5.640630e-06 6.307684e+00 nan -nan
577 1.818182e+04 5.986108e-06 6.394179e+00 nan -nan
578 1.851852e+04 6.347579e-06 6.482452e+00 nan -nan
579 1.886792e+04 6.750462e-06 6.580228e+00 nan -nan
580 1.923077e+04 7.185669e-06 6.687132e+00 nan -nan
581 1.960784e+04 7.661402e-06 6.791445e+00 nan -nan
