0 1.799999e+02 2.816387e-11 5.455128e-11 2.128141e-11 1.934275e-12
1 1.899999e+02 3.507315e-11 6.291479e-11 2.644473e-11 2.246339e-12
2 2.000000e+02 4.305755e-11 7.278399e-11 3.249238e-11 2.618619e-12
3 2.100002e+02 5.207815e-11 8.380905e-11 3.951761e-11 2.986178e-12
4 2.200002e+02 6.207274e-11 9.623081e-11 4.761383e-11 3.419796e-12
5 2.299998e+02 7.278229e-11 1.094193e-10 5.686379e-11 3.808986e-12
6 2.399998e+02 8.417892e-11 1.228235e-10 6.744486e-11 4.193244e-12
7 2.500000e+02 9.596183e-11 1.368888e-10 7.943761e-11 4.680206e-12
8 2.600003e+02 1.076325e-10 1.508467e-10 9.292257e-11 5.166890e-12
9 2.700003e+02 1.189162e-10 1.640998e-10 1.080522e-10 5.640040e-12
10 2.799999e+02 1.295383e-10 1.763878e-10 1.249704e-10 6.131626e-12
11 2.899997e+02 1.391109e-10 1.874428e-10 1.437738e-10 6.644208e-12
12 3.000003e+02 1.475897e-10 1.967584e-10 1.646806e-10 7.112419e-12
13 3.099997e+02 1.549293e-10 2.047633e-10 1.878685e-10 7.697474e-12
14 3.200000e+02 1.606655e-10 2.112504e-10 2.133233e-10 8.353356e-12
15 3.300003e+02 1.648996e-10 2.159566e-10 2.412154e-10 8.979882e-12
16 3.399996e+02 1.679209e-10 2.191854e-10 2.718059e-10 9.639667e-12
17 3.500004e+02 1.696387e-10 2.211211e-10 3.051183e-10 1.034551e-11
18 3.599997e+02 1.704271e-10 2.218513e-10 3.414378e-10 1.102848e-11
19 3.700004e+02 1.703554e-10 2.217317e-10 3.808775e-10 1.176749e-11
20 3.799998e+02 1.695787e-10 2.208707e-10 4.235470e-10 1.250062e-11
21 3.900004e+02 1.683625e-10 2.195272e-10 4.697520e-10 1.326116e-11
22 4.000000e+02 1.667597e-10 2.178602e-10 5.195342e-10 1.404014e-11
23 4.100007e+02 1.649231e-10 2.160090e-10 5.730781e-10 1.481903e-11
24 4.200004e+02 1.630449e-10 2.141077e-10 6.306907e-10 1.559214e-11
25 4.300003e+02 1.612362e-10 2.122807e-10 6.926556e-10 1.637524e-11
26 4.399995e+02 1.595006e-10 2.106872e-10 7.590826e-10 1.724992e-11
27 4.500005e+02 1.578042e-10 2.093110e-10 8.297814e-10 1.811698e-11
28 4.600006e+02 1.563656e-10 2.081553e-10 9.053678e-10 1.892388e-11
29 4.699999e+02 1.552004e-10 2.073763e-10 9.861837e-10 1.982482e-11
30 4.800008e+02 1.542177e-10 2.069304e-10 1.071908e-09 2.073409e-11
31 4.899991e+02 1.535388e-10 2.067954e-10 1.163178e-09 2.163944e-11
32 5.000000e+02 1.528599e-10 2.066603e-10 1.259814e-09 2.253752e-11
33 5.100011e+02 1.529296e-10 2.073615e-10 1.362682e-09 2.339311e-11
34 5.199992e+02 1.530114e-10 2.080655e-10 1.471760e-09 2.435340e-11
35 5.300007e+02 1.531988e-10 2.089520e-10 1.586589e-09 2.530656e-11
36 5.400005e+02 1.535696e-10 2.099215e-10 1.708137e-09 2.621356e-11
37 5.500006e+02 1.540283e-10 2.109462e-10 1.836313e-09 2.710999e-11
38 5.600013e+02 1.546350e-10 2.119652e-10 1.972343e-09 2.800281e-11
39 5.699987e+02 1.551902e-10 2.130164e-10 2.115142e-09 2.901612e-11
40 5.799993e+02 1.556831e-10 2.139233e-10 2.265086e-09 2.996148e-11
41 5.899983e+02 1.561525e-10 2.146680e-10 2.423161e-09 3.086881e-11
42 5.999988e+02 1.565745e-10 2.152523e-10 2.589851e-09 3.178080e-11
43 6.100016e+02 1.568273e-10 2.157330e-10 2.764375e-09 3.283290e-11
44 6.200012e+02 1.569418e-10 2.159293e-10 2.947030e-09 3.371243e-11
45 6.300006e+02 1.570012e-10 2.159583e-10 3.139632e-09 3.461541e-11
46 6.400000e+02 1.569676e-10 2.158796e-10 3.342221e-09 3.564696e-11
47 6.500007e+02 1.566835e-10 2.156697e-10 3.552333e-09 3.675013e-11
48 6.600007e+02 1.563246e-10 2.152576e-10 3.772439e-09 3.770232e-11
49 6.699988e+02 1.558563e-10 2.147583e-10 4.002219e-09 3.869939e-11
50 6.799992e+02 1.553183e-10 2.141500e-10 4.242233e-09 3.962097e-11
51 6.899978e+02 1.547432e-10 2.135059e-10 4.493223e-09 4.057492e-11
52 7.000007e+02 1.541815e-10 2.128070e-10 4.756288e-09 4.144166e-11
53 7.100004e+02 1.536508e-10 2.121619e-10 5.032309e-09 4.244954e-11
54 7.199994e+02 1.530256e-10 2.115754e-10 5.317704e-09 4.356424e-11
55 7.300016e+02 1.524153e-10 2.109750e-10 5.614584e-09 4.451851e-11
56 7.400007e+02 1.518900e-10 2.104642e-10 5.925657e-09 4.556904e-11
57 7.500019e+02 1.513357e-10 2.100215e-10 6.246894e-09 4.661383e-11
58 7.599997e+02 1.508675e-10 2.096317e-10 6.581879e-09 4.758501e-11
59 7.700008e+02 1.504910e-10 2.093352e-10 6.931757e-09 4.860084e-11
60 7.800008e+02 1.501568e-10 2.091612e-10 7.294904e-09 4.975347e-11
61 7.900017e+02 1.498332e-10 2.090320e-10 7.669285e-09 5.080208e-11
62 8.000000e+02 1.496339e-10 2.089466e-10 8.060638e-09 5.177729e-11
63 8.099986e+02 1.494604e-10 2.089501e-10 8.465478e-09 5.285275e-11
64 8.200015e+02 1.493457e-10 2.089997e-10 8.886004e-09 5.393312e-11
65 8.299995e+02 1.492602e-10 2.090819e-10 9.321014e-09 5.501673e-11
66 8.399973e+02 1.492162e-10 2.091609e-10 9.772088e-09 5.603014e-11
67 8.500004e+02 1.492175e-10 2.092193e-10 1.024081e-08 5.695778e-11
68 8.600005e+02 1.493200e-10 2.092877e-10 1.073245e-08 5.795194e-11
69 8.699964e+02 1.493181e-10 2.094819e-10 1.123572e-08 5.949634e-11
70 8.800028e+02 1.491919e-10 2.095115e-10 1.174635e-08 6.056340e-11
71 8.899964e+02 1.492064e-10 2.094941e-10 1.228550e-08 6.158949e-11
72 9.000009e+02 1.491652e-10 2.094513e-10 1.284108e-08 6.269541e-11
73 9.100009e+02 1.490878e-10 2.093652e-10 1.341419e-08 6.381999e-11
74 9.199971e+02 1.490158e-10 2.092334e-10 1.400917e-08 6.494830e-11
75 9.299990e+02 1.488965e-10 2.090609e-10 1.462260e-08 6.610281e-11
76 9.399998e+02 1.487940e-10 2.088624e-10 1.526099e-08 6.732008e-11
77 9.500014e+02 1.485781e-10 2.086572e-10 1.591200e-08 6.869727e-11
78 9.599969e+02 1.483458e-10 2.083681e-10 1.658278e-08 6.982227e-11
79 9.699980e+02 1.481059e-10 2.080873e-10 1.727725e-08 7.109094e-11
80 9.799982e+02 1.478393e-10 2.077716e-10 1.799137e-08 7.225881e-11
81 9.900010e+02 1.475807e-10 2.074742e-10 1.873079e-08 7.354628e-11
82 1.000000e+03 1.472946e-10 2.071695e-10 1.948925e-08 7.479068e-11
83 1.009999e+03 1.470010e-10 2.068871e-10 2.026989e-08 7.610723e-11
84 1.020002e+03 1.467146e-10 2.065874e-10 2.107314e-08 7.724746e-11
85 1.030004e+03 1.464935e-10 2.063269e-10 2.190942e-08 7.847848e-11
86 1.039998e+03 1.462732e-10 2.061099e-10 2.276858e-08 7.981699e-11
87 1.050001e+03 1.460041e-10 2.059420e-10 2.364317e-08 8.129538e-11
88 1.059996e+03 1.457633e-10 2.057633e-10 2.454162e-08 8.254984e-11
89 1.069999e+03 1.455453e-10 2.056293e-10 2.546723e-08 8.390299e-11
90 1.079995e+03 1.453701e-10 2.054697e-10 2.641965e-08 8.494380e-11
91 1.090001e+03 1.452779e-10 2.053980e-10 2.741560e-08 8.635567e-11
92 1.100001e+03 1.451289e-10 2.053553e-10 2.842275e-08 8.783521e-11
93 1.110001e+03 1.449976e-10 2.053360e-10 2.945759e-08 8.936605e-11
94 1.119996e+03 1.448174e-10 2.053018e-10 3.050309e-08 9.075641e-11
95 1.129995e+03 1.447178e-10 2.052182e-10 3.158966e-08 9.178360e-11
96 1.140004e+03 1.446919e-10 2.051763e-10 3.272489e-08 9.304890e-11
97 1.149994e+03 1.446230e-10 2.051861e-10 3.387873e-08 9.468819e-11
98 1.159999e+03 1.445019e-10 2.051427e-10 3.504691e-08 9.605992e-11
99 1.170001e+03 1.444478e-10 2.050813e-10 3.626327e-08 9.736677e-11
100 1.179997e+03 1.443576e-10 2.050103e-10 3.750096e-08 9.871992e-11
101 1.189995e+03 1.442755e-10 2.049226e-10 3.877453e-08 1.000683e-10
102 1.200005e+03 1.441911e-10 2.048442e-10 4.008578e-08 1.016103e-10
103 1.209995e+03 1.440443e-10 2.047385e-10 4.140902e-08 1.031144e-10
104 1.220003e+03 1.439204e-10 2.045669e-10 4.277426e-08 1.042449e-10
105 1.229997e+03 1.438654e-10 2.044372e-10 4.420375e-08 1.057591e-10
106 1.240002e+03 1.436637e-10 2.043060e-10 4.562195e-08 1.074532e-10
107 1.250000e+03 1.435133e-10 2.040935e-10 4.708831e-08 1.085617e-10
108 1.260001e+03 1.433715e-10 2.039399e-10 4.860354e-08 1.101923e-10
109 1.270003e+03 1.431540e-10 2.037421e-10 5.012212e-08 1.115455e-10
110 1.280000e+03 1.430354e-10 2.035363e-10 5.171809e-08 1.127810e-10
111 1.290006e+03 1.428729e-10 2.033670e-10 5.333947e-08 1.143344e-10
112 1.300001e+03 1.426959e-10 2.031844e-10 5.498783e-08 1.157433e-10
113 1.309998e+03 1.425355e-10 2.030089e-10 5.668133e-08 1.171435e-10
114 1.319993e+03 1.423629e-10 2.028501e-10 5.840636e-08 1.186188e-10
115 1.329999e+03 1.422282e-10 2.026748e-10 6.018559e-08 1.198347e-10
116 1.339998e+03 1.421003e-10 2.025484e-10 6.200900e-08 1.213802e-10
117 1.350001e+03 1.419766e-10 2.024253e-10 6.387158e-08 1.228497e-10
118 1.360008e+03 1.418619e-10 2.023206e-10 6.577765e-08 1.243779e-10
119 1.369994e+03 1.417622e-10 2.022233e-10 6.772520e-08 1.258601e-10
120 1.379996e+03 1.416584e-10 2.021538e-10 6.971380e-08 1.275207e-10
121 1.390009e+03 1.415666e-10 2.020783e-10 7.174802e-08 1.290434e-10
122 1.399992e+03 1.414590e-10 2.020181e-10 7.380601e-08 1.306598e-10
123 1.410000e+03 1.413781e-10 2.019464e-10 7.592346e-08 1.321096e-10
124 1.419991e+03 1.413188e-10 2.019092e-10 7.809930e-08 1.338580e-10
125 1.430001e+03 1.412237e-10 2.018496e-10 8.029291e-08 1.354200e-10
126 1.440009e+03 1.411777e-10 2.017759e-10 8.256293e-08 1.368172e-10
127 1.449990e+03 1.411278e-10 2.017429e-10 8.487935e-08 1.386644e-10
128 1.460003e+03 1.410163e-10 2.016662e-10 8.719562e-08 1.401862e-10
129 1.470005e+03 1.409713e-10 2.015860e-10 8.961041e-08 1.416686e-10
130 1.479991e+03 1.409297e-10 2.015207e-10 9.208099e-08 1.433775e-10
131 1.490002e+03 1.408522e-10 2.014548e-10 9.458336e-08 1.452135e-10
132 1.499993e+03 1.407762e-10 2.013714e-10 9.713289e-08 1.469406e-10
133 1.510004e+03 1.406754e-10 2.012712e-10 9.971831e-08 1.485994e-10
134 1.520011e+03 1.405853e-10 2.011590e-10 1.023661e-07 1.501856e-10
135 1.530011e+03 1.405373e-10 2.010557e-10 1.051133e-07 1.518866e-10
136 1.540002e+03 1.404037e-10 2.009673e-10 1.078387e-07 1.539238e-10
137 1.550003e+03 1.402701e-10 2.007975e-10 1.105983e-07 1.550398e-10
138 1.559989e+03 1.402290e-10 2.006601e-10 1.135163e-07 1.564322e-10
139 1.570007e+03 1.402151e-10 2.005369e-10 1.165391e-07 1.579707e-10
140 1.580003e+03 1.402576e-10 2.004653e-10 1.196997e-07 1.600491e-10
141 1.590002e+03 1.401675e-10 2.005070e-10 1.228204e-07 1.637155e-10
142 1.600000e+03 1.398308e-10 2.004373e-10 1.256649e-07 1.663322e-10
143 1.609995e+03 1.396304e-10 2.002623e-10 1.286704e-07 1.673417e-10
144 1.620010e+03 1.395502e-10 2.001365e-10 1.319005e-07 1.687463e-10
145 1.629992e+03 1.394263e-10 2.000404e-10 1.351290e-07 1.705211e-10
146 1.639990e+03 1.393521e-10 1.999283e-10 1.384731e-07 1.719387e-10
147 1.650002e+03 1.392772e-10 1.998705e-10 1.418999e-07 1.740141e-10
148 1.659999e+03 1.391945e-10 1.997775e-10 1.453488e-07 1.755532e-10
149 1.670007e+03 1.391205e-10 1.997379e-10 1.488936e-07 1.777506e-10
150 1.679995e+03 1.390104e-10 1.996569e-10 1.524129e-07 1.793829e-10
151 1.689989e+03 1.389748e-10 1.996101e-10 1.561191e-07 1.813296e-10
152 1.699986e+03 1.388598e-10 1.995579e-10 1.597606e-07 1.833140e-10
153 1.709986e+03 1.388107e-10 1.994793e-10 1.635513e-07 1.847974e-10
154 1.719986e+03 1.387942e-10 1.994439e-10 1.674830e-07 1.868439e-10
155 1.730014e+03 1.387454e-10 1.994143e-10 1.714440e-07 1.890641e-10
156 1.740008e+03 1.386420e-10 1.993797e-10 1.753629e-07 1.913464e-10
157 1.749996e+03 1.385750e-10 1.992832e-10 1.793725e-07 1.926789e-10
158 1.760006e+03 1.385458e-10 1.992211e-10 1.835526e-07 1.945025e-10
159 1.770005e+03 1.384951e-10 1.991779e-10 1.877778e-07 1.967146e-10
160 1.779993e+03 1.384183e-10 1.991101e-10 1.920091e-07 1.986682e-10
161 1.789997e+03 1.383975e-10 1.990490e-10 1.964397e-07 2.006724e-10
162 1.799986e+03 1.383215e-10 1.989906e-10 2.008384e-07 2.029021e-10
163 1.809988e+03 1.382549e-10 1.989076e-10 2.053243e-07 2.047787e-10
164 1.820002e+03 1.382127e-10 1.988485e-10 2.099686e-07 2.070428e-10
165 1.829994e+03 1.381316e-10 1.987881e-10 2.146027e-07 2.094171e-10
166 1.839994e+03 1.380525e-10 1.987103e-10 2.193130e-07 2.115351e-10
167 1.850002e+03 1.379496e-10 1.986214e-10 2.240444e-07 2.135444e-10
168 1.860015e+03 1.379122e-10 1.985380e-10 2.290142e-07 2.154892e-10
169 1.869998e+03 1.378421e-10 1.984724e-10 2.339911e-07 2.178064e-10
170 1.880017e+03 1.377773e-10 1.983976e-10 2.390725e-07 2.199442e-10
171 1.890002e+03 1.377199e-10 1.983473e-10 2.442587e-07 2.224579e-10
172 1.899985e+03 1.376279e-10 1.982788e-10 2.494170e-07 2.247059e-10
173 1.910001e+03 1.375649e-10 1.982134e-10 2.547483e-07 2.268980e-10
174 1.920012e+03 1.375088e-10 1.981681e-10 2.601960e-07 2.293889e-10
175 1.930018e+03 1.374244e-10 1.981215e-10 2.656394e-07 2.318895e-10
176 1.940015e+03 1.373478e-10 1.980681e-10 2.711673e-07 2.341923e-10
177 1.950002e+03 1.372962e-10 1.980295e-10 2.768549e-07 2.366519e-10
178 1.960016e+03 1.372373e-10 1.979940e-10 2.826205e-07 2.391655e-10
179 1.970016e+03 1.371711e-10 1.979616e-10 2.884404e-07 2.417302e-10
180 1.980002e+03 1.371147e-10 1.979263e-10 2.943586e-07 2.441862e-10
181 1.990010e+03 1.370955e-10 1.979371e-10 3.005547e-07 2.474267e-10
182 2.000000e+03 1.369325e-10 1.979483e-10 3.063658e-07 2.511787e-10
183 2.010010e+03 1.367670e-10 1.978706e-10 3.121294e-07 2.531907e-10
184 2.019998e+03 1.366885e-10 1.977885e-10 3.182412e-07 2.548184e-10
185 2.030003e+03 1.366537e-10 1.977451e-10 3.246611e-07 2.571163e-10
186 2.039984e+03 1.365859e-10 1.977169e-10 3.310686e-07 2.598837e-10
187 2.050021e+03 1.364959e-10 1.976806e-10 3.375188e-07 2.626397e-10
188 2.059987e+03 1.364054e-10 1.976157e-10 3.439682e-07 2.648174e-10
189 2.070008e+03 1.363736e-10 1.975498e-10 3.507736e-07 2.668179e-10
190 2.079997e+03 1.363173e-10 1.975261e-10 3.576424e-07 2.698749e-10
191 2.089995e+03 1.362297e-10 1.974721e-10 3.644493e-07 2.724529e-10
192 2.100002e+03 1.361750e-10 1.974285e-10 3.715184e-07 2.751853e-10
193 2.110016e+03 1.360424e-10 1.973647e-10 3.783416e-07 2.778296e-10
194 2.119992e+03 1.359751e-10 1.972915e-10 3.854899e-07 2.800036e-10
195 2.130016e+03 1.359026e-10 1.972336e-10 3.927901e-07 2.825966e-10
196 2.139999e+03 1.358415e-10 1.971822e-10 4.002283e-07 2.852918e-10
197 2.149983e+03 1.357574e-10 1.971248e-10 4.076591e-07 2.879577e-10
198 2.160014e+03 1.357133e-10 1.970694e-10 4.154202e-07 2.905043e-10
199 2.169998e+03 1.356368e-10 1.970367e-10 4.231506e-07 2.937217e-10
200 2.179979e+03 1.355292e-10 1.969769e-10 4.307705e-07 2.964040e-10
201 2.190005e+03 1.354155e-10 1.969294e-10 4.385195e-07 2.994123e-10
202 2.199978e+03 1.353249e-10 1.968631e-10 4.463883e-07 3.017967e-10
203 2.209994e+03 1.352556e-10 1.968273e-10 4.545734e-07 3.048307e-10
204 2.220002e+03 1.351582e-10 1.967705e-10 4.626515e-07 3.074293e-10
205 2.230002e+03 1.350950e-10 1.967229e-10 4.710242e-07 3.100626e-10
206 2.239993e+03 1.350247e-10 1.966828e-10 4.794700e-07 3.128915e-10
207 2.250023e+03 1.349576e-10 1.966499e-10 4.880906e-07 3.158884e-10
208 2.259989e+03 1.348605e-10 1.966178e-10 4.965869e-07 3.190261e-10
209 2.269993e+03 1.347809e-10 1.965763e-10 5.052914e-07 3.218286e-10
210 2.279982e+03 1.347299e-10 1.965540e-10 5.143134e-07 3.250009e-10
211 2.290006e+03 1.346675e-10 1.965540e-10 5.234824e-07 3.288804e-10
212 2.300014e+03 1.345183e-10 1.965441e-10 5.321821e-07 3.330054e-10
213 2.310002e+03 1.343881e-10 1.965293e-10 5.410670e-07 3.369415e-10
214 2.320024e+03 1.340996e-10 1.964866e-10 5.489623e-07 3.410721e-10
215 2.330025e+03 1.338542e-10 1.963606e-10 5.569025e-07 3.425564e-10
216 2.340002e+03 1.336381e-10 1.962244e-10 5.650482e-07 3.435604e-10
217 2.350011e+03 1.335350e-10 1.961398e-10 5.742625e-07 3.454657e-10
218 2.359993e+03 1.332069e-10 1.959430e-10 5.815646e-07 3.452990e-10
219 2.370005e+03 1.332895e-10 1.956802e-10 5.917137e-07 3.407494e-10
220 2.379989e+03 1.335994e-10 1.956251e-10 6.043532e-07 3.411755e-10
221 2.390000e+03 1.337617e-10 1.956826e-10 6.165425e-07 3.458419e-10
222 2.399981e+03 1.337083e-10 1.956813e-10 6.270647e-07 3.500444e-10
223 2.409987e+03 1.336745e-10 1.956481e-10 6.377889e-07 3.532025e-10
224 2.420018e+03 1.336485e-10 1.956371e-10 6.488376e-07 3.570438e-10
225 2.430016e+03 1.335473e-10 1.955937e-10 6.592674e-07 3.603579e-10
226 2.439977e+03 1.334869e-10 1.955484e-10 6.701023e-07 3.633492e-10
227 2.450020e+03 1.334240e-10 1.954974e-10 6.811202e-07 3.662054e-10
228 2.460025e+03 1.333890e-10 1.954662e-10 6.925495e-07 3.694954e-10
229 2.469990e+03 1.333045e-10 1.954161e-10 7.035602e-07 3.724739e-10
230 2.479974e+03 1.332506e-10 1.953639e-10 7.149748e-07 3.751616e-10
231 2.489978e+03 1.331834e-10 1.953338e-10 7.265299e-07 3.786652e-10
232 2.500000e+03 1.331163e-10 1.953037e-10 7.377456e-07 3.816338e-10
233 2.509977e+03 1.330335e-10 1.952324e-10 7.496673e-07 3.843272e-10
234 2.519971e+03 1.329526e-10 1.951942e-10 7.614176e-07 3.875935e-10
235 2.529980e+03 1.328900e-10 1.951476e-10 7.734434e-07 3.904235e-10
236 2.540005e+03 1.328322e-10 1.951134e-10 7.857311e-07 3.936421e-10
237 2.549980e+03 1.327510e-10 1.950731e-10 7.978174e-07 3.967892e-10
238 2.559967e+03 1.326771e-10 1.950229e-10 8.100658e-07 3.995329e-10
239 2.569967e+03 1.326037e-10 1.949733e-10 8.224659e-07 4.022926e-10
240 2.579979e+03 1.325553e-10 1.949316e-10 8.353208e-07 4.051596e-10
241 2.590003e+03 1.324871e-10 1.948938e-10 8.481459e-07 4.083402e-10
242 2.599969e+03 1.324620e-10 1.948548e-10 8.614958e-07 4.111322e-10
243 2.610012e+03 1.323965e-10 1.948225e-10 8.747052e-07 4.145532e-10
244 2.619996e+03 1.323043e-10 1.947767e-10 8.875936e-07 4.176970e-10
245 2.629987e+03 1.322169e-10 1.947143e-10 9.005764e-07 4.202052e-10
246 2.639985e+03 1.321944e-10 1.946797e-10 9.146498e-07 4.232709e-10
247 2.649989e+03 1.321401e-10 1.946469e-10 9.285405e-07 4.267205e-10
248 2.659999e+03 1.320585e-10 1.946000e-10 9.421745e-07 4.298913e-10
249 2.670013e+03 1.320041e-10 1.945388e-10 9.562005e-07 4.322950e-10
250 2.680031e+03 1.319396e-10 1.945091e-10 9.704939e-07 4.360758e-10
251 2.689980e+03 1.318640e-10 1.944512e-10 9.844948e-07 4.388151e-10
252 2.700003e+03 1.318037e-10 1.944050e-10 9.990489e-07 4.419512e-10
253 2.710027e+03 1.317501e-10 1.943487e-10 1.013779e-06 4.446192e-10
254 2.719978e+03 1.316938e-10 1.943146e-10 1.028691e-06 4.482121e-10
255 2.730003e+03 1.316189e-10 1.942619e-10 1.043487e-06 4.512411e-10
256 2.740026e+03 1.315438e-10 1.942096e-10 1.058433e-06 4.542858e-10
257 2.749973e+03 1.315128e-10 1.941578e-10 1.074026e-06 4.568828e-10
258 2.759991e+03 1.314602e-10 1.941365e-10 1.089861e-06 4.610246e-10
259 2.770006e+03 1.313552e-10 1.940666e-10 1.104673e-06 4.635560e-10
260 2.780017e+03 1.313360e-10 1.940179e-10 1.121061e-06 4.661452e-10
261 2.790023e+03 1.312933e-10 1.939948e-10 1.137494e-06 4.700715e-10
262 2.800022e+03 1.312210e-10 1.939529e-10 1.153462e-06 4.734481e-10
263 2.810015e+03 1.311607e-10 1.939132e-10 1.169773e-06 4.767844e-10
264 2.819999e+03 1.310868e-10 1.938673e-10 1.185952e-06 4.799624e-10
265 2.829975e+03 1.310250e-10 1.938235e-10 1.202478e-06 4.830952e-10
266 2.840022e+03 1.309936e-10 1.937997e-10 1.219986e-06 4.868583e-10
267 2.849977e+03 1.308877e-10 1.937574e-10 1.236086e-06 4.905154e-10
268 2.860003e+03 1.308201e-10 1.936977e-10 1.252913e-06 4.929770e-10
269 2.870017e+03 1.307618e-10 1.936611e-10 1.270279e-06 4.964326e-10
270 2.880018e+03 1.307015e-10 1.936191e-10 1.287698e-06 4.996570e-10
271 2.890006e+03 1.306629e-10 1.935744e-10 1.305615e-06 5.025192e-10
272 2.899980e+03 1.306053e-10 1.935383e-10 1.323443e-06 5.060234e-10
273 2.910022e+03 1.305335e-10 1.934943e-10 1.341236e-06 5.093682e-10
274 2.919964e+03 1.304858e-10 1.934539e-10 1.359489e-06 5.125861e-10
275 2.929974e+03 1.304163e-10 1.934154e-10 1.377679e-06 5.162206e-10
276 2.939966e+03 1.303736e-10 1.933585e-10 1.396301e-06 5.186325e-10
277 2.950027e+03 1.303157e-10 1.933207e-10 1.415196e-06 5.222460e-10
278 2.959981e+03 1.302534e-10 1.932719e-10 1.433839e-06 5.253300e-10
279 2.970003e+03 1.302290e-10 1.932329e-10 1.453691e-06 5.285116e-10
280 2.980004e+03 1.301851e-10 1.932021e-10 1.473426e-06 5.323768e-10
281 2.989984e+03 1.301101e-10 1.931512e-10 1.492411e-06 5.355794e-10
282 3.000030e+03 1.300710e-10 1.931047e-10 1.512525e-06 5.386081e-10
283 3.009963e+03 1.300267e-10 1.930745e-10 1.532717e-06 5.425257e-10
284 3.019962e+03 1.299633e-10 1.930255e-10 1.552574e-06 5.457125e-10
285 3.030028e+03 1.299382e-10 1.929869e-10 1.573753e-06 5.490012e-10
286 3.039976e+03 1.298596e-10 1.929582e-10 1.593846e-06 5.534795e-10
287 3.049989e+03 1.298081e-10 1.929118e-10 1.614606e-06 5.566520e-10
288 3.059976e+03 1.297345e-10 1.928684e-10 1.635037e-06 5.602606e-10
289 3.070027e+03 1.296807e-10 1.928172e-10 1.656126e-06 5.631798e-10
290 3.079956e+03 1.296465e-10 1.927860e-10 1.677896e-06 5.668928e-10
291 3.090044e+03 1.295853e-10 1.927453e-10 1.699447e-06 5.705041e-10
292 3.100006e+03 1.295590e-10 1.927054e-10 1.721747e-06 5.735998e-10
293 3.110033e+03 1.294954e-10 1.926871e-10 1.743860e-06 5.785050e-10
294 3.120027e+03 1.293956e-10 1.926376e-10 1.764647e-06 5.820781e-10
295 3.129988e+03 1.293509e-10 1.925805e-10 1.786762e-06 5.843849e-10
296 3.140013e+03 1.293526e-10 1.925514e-10 1.810918e-06 5.877111e-10
297 3.150003e+03 1.293247e-10 1.925345e-10 1.834688e-06 5.921905e-10
298 3.159957e+03 1.292453e-10 1.925051e-10 1.857005e-06 5.966853e-10
299 3.169974e+03 1.291710e-10 1.924602e-10 1.879512e-06 6.002059e-10
300 3.179954e+03 1.291195e-10 1.924136e-10 1.902694e-06 6.032682e-10
301 3.189996e+03 1.291126e-10 1.923892e-10 1.927907e-06 6.070806e-10
302 3.200000e+03 1.290256e-10 1.923690e-10 1.951131e-06 6.124088e-10
303 3.209964e+03 1.289666e-10 1.923317e-10 1.974893e-06 6.162446e-10
304 3.219990e+03 1.288649e-10 1.922769e-10 1.997438e-06 6.196888e-10
305 3.229974e+03 1.288340e-10 1.922224e-10 2.022110e-06 6.220161e-10
306 3.240021e+03 1.287920e-10 1.921975e-10 2.047494e-06 6.265003e-10
307 3.250024e+03 1.287303e-10 1.921538e-10 2.072000e-06 6.300812e-10
308 3.259984e+03 1.286710e-10 1.921160e-10 2.096801e-06 6.340066e-10
309 3.270004e+03 1.286216e-10 1.920740e-10 2.122206e-06 6.375466e-10
310 3.279979e+03 1.285620e-10 1.920360e-10 2.147481e-06 6.415143e-10
311 3.290015e+03 1.285354e-10 1.919924e-10 2.174063e-06 6.445879e-10
312 3.300003e+03 1.284828e-10 1.919713e-10 2.200467e-06 6.496365e-10
313 3.310053e+03 1.284155e-10 1.919162e-10 2.225971e-06 6.526349e-10
314 3.320053e+03 1.283986e-10 1.918959e-10 2.254068e-06 6.571495e-10
315 3.330003e+03 1.283258e-10 1.918567e-10 2.279939e-06 6.613005e-10
316 3.340013e+03 1.282633e-10 1.918138e-10 2.306440e-06 6.650456e-10
317 3.349972e+03 1.282032e-10 1.917772e-10 2.333247e-06 6.691581e-10
318 3.359989e+03 1.281559e-10 1.917427e-10 2.360950e-06 6.732222e-10
319 3.369953e+03 1.280935e-10 1.917011e-10 2.387992e-06 6.770136e-10
320 3.379977e+03 1.280513e-10 1.916785e-10 2.416676e-06 6.818593e-10
321 3.389945e+03 1.279583e-10 1.916221e-10 2.442631e-06 6.851154e-10
322 3.399973e+03 1.279243e-10 1.915912e-10 2.471840e-06 6.891815e-10
323 3.409943e+03 1.278598e-10 1.915453e-10 2.499544e-06 6.926697e-10
324 3.419973e+03 1.278415e-10 1.915227e-10 2.530082e-06 6.970699e-10
325 3.429943e+03 1.277716e-10 1.914919e-10 2.558483e-06 7.018257e-10
326 3.439972e+03 1.276862e-10 1.914531e-10 2.586437e-06 7.063221e-10
327 3.449941e+03 1.276090e-10 1.914057e-10 2.614446e-06 7.099636e-10
328 3.459968e+03 1.275425e-10 1.913548e-10 2.643152e-06 7.131509e-10
329 3.470053e+03 1.275093e-10 1.913249e-10 2.674296e-06 7.173741e-10
330 3.479955e+03 1.274456e-10 1.912803e-10 2.703357e-06 7.209557e-10
331 3.490036e+03 1.274053e-10 1.912338e-10 2.734151e-06 7.240150e-10
332 3.500053e+03 1.273774e-10 1.912154e-10 2.766459e-06 7.290840e-10
333 3.510004e+03 1.272971e-10 1.911879e-10 2.796297e-06 7.345233e-10
334 3.520011e+03 1.272306e-10 1.911370e-10 2.826324e-06 7.377846e-10
335 3.529952e+03 1.271956e-10 1.911022e-10 2.858288e-06 7.416916e-10
336 3.539948e+03 1.271208e-10 1.910599e-10 2.888691e-06 7.458895e-10
337 3.550002e+03 1.270614e-10 1.910251e-10 2.920494e-06 7.504503e-10
338 3.559986e+03 1.269948e-10 1.909741e-10 2.951355e-06 7.537531e-10
339 3.570026e+03 1.269727e-10 1.909412e-10 2.985383e-06 7.576632e-10
340 3.579995e+03 1.269024e-10 1.909100e-10 3.017275e-06 7.627835e-10
341 3.590020e+03 1.268403e-10 1.908700e-10 3.049649e-06 7.669961e-10
342 3.599971e+03 1.267492e-10 1.908199e-10 3.080198e-06 7.709520e-10
343 3.609978e+03 1.267088e-10 1.907742e-10 3.113777e-06 7.741442e-10
344 3.620041e+03 1.266489e-10 1.907399e-10 3.147338e-06 7.788529e-10
345 3.630028e+03 1.265842e-10 1.906951e-10 3.180186e-06 7.826823e-10
346 3.639937e+03 1.265355e-10 1.906590e-10 3.214134e-06 7.868675e-10
347 3.650035e+03 1.264793e-10 1.906058e-10 3.247928e-06 7.897624e-10
348 3.660054e+03 1.264376e-10 1.905860e-10 3.283884e-06 7.953587e-10
349 3.669994e+03 1.263414e-10 1.905264e-10 3.315168e-06 7.985016e-10
350 3.679988e+03 1.263219e-10 1.905013e-10 3.352473e-06 8.030561e-10
351 3.690037e+03 1.262327e-10 1.904579e-10 3.385711e-06 8.076249e-10
352 3.700004e+03 1.261658e-10 1.904094e-10 3.419788e-06 8.110868e-10
353 3.710024e+03 1.261371e-10 1.903633e-10 3.456508e-06 8.138383e-10
354 3.719961e+03 1.260958e-10 1.903450e-10 3.493818e-06 8.195753e-10
355 3.729952e+03 1.259885e-10 1.902889e-10 3.526053e-06 8.233390e-10
356 3.739996e+03 1.259330e-10 1.902379e-10 3.561872e-06 8.262936e-10
357 3.749953e+03 1.259255e-10 1.902115e-10 3.601592e-06 8.304126e-10
358 3.759964e+03 1.258501e-10 1.901716e-10 3.637212e-06 8.349987e-10
359 3.770028e+03 1.258060e-10 1.901181e-10 3.674425e-06 8.374080e-10
360 3.780004e+03 1.257761e-10 1.900973e-10 3.714108e-06 8.427295e-10
361 3.790032e+03 1.256848e-10 1.900492e-10 3.749147e-06 8.469669e-10
362 3.799970e+03 1.256593e-10 1.900098e-10 3.788510e-06 8.502653e-10
363 3.809959e+03 1.256272e-10 1.899835e-10 3.828723e-06 8.551664e-10
364 3.820002e+03 1.255517e-10 1.899433e-10 3.865983e-06 8.598675e-10
365 3.829950e+03 1.254852e-10 1.898956e-10 3.903212e-06 8.634673e-10
366 3.839951e+03 1.254347e-10 1.898558e-10 3.942390e-06 8.675082e-10
367 3.850004e+03 1.254001e-10 1.898239e-10 3.983585e-06 8.720001e-10
368 3.859961e+03 1.253198e-10 1.897734e-10 4.020540e-06 8.757206e-10
369 3.869969e+03 1.252691e-10 1.897337e-10 4.060569e-06 8.798052e-10
370 3.880029e+03 1.252275e-10 1.896861e-10 4.101238e-06 8.827861e-10
371 3.889991e+03 1.251929e-10 1.896549e-10 4.143236e-06 8.873196e-10
372 3.900004e+03 1.251445e-10 1.896207e-10 4.184646e-06 8.919723e-10
373 3.910068e+03 1.251074e-10 1.895840e-10 4.227221e-06 8.960392e-10
374 3.920031e+03 1.250591e-10 1.895503e-10 4.269017e-06 9.007187e-10
375 3.930045e+03 1.249807e-10 1.895055e-10 4.308457e-06 9.050672e-10
376 3.939955e+03 1.249416e-10 1.894648e-10 4.350728e-06 9.086038e-10
377 3.950071e+03 1.248907e-10 1.894257e-10 4.393530e-06 9.128271e-10
378 3.959926e+03 1.248402e-10 1.893879e-10 4.435454e-06 9.170043e-10
379 3.969987e+03 1.247756e-10 1.893464e-10 4.477345e-06 9.213301e-10
380 3.979941e+03 1.247483e-10 1.893040e-10 4.521705e-06 9.242794e-10
381 3.989945e+03 1.247462e-10 1.892905e-10 4.570655e-06 9.299377e-10
382 4.000000e+03 1.246724e-10 1.892570e-10 4.613247e-06 9.355211e-10
383 4.016064e+03 1.245613e-10 1.891909e-10 4.681409e-06 9.427190e-10
384 4.032258e+03 1.244779e-10 1.891304e-10 4.753527e-06 9.498131e-10
385 4.048583e+03 1.243547e-10 1.890656e-10 4.823470e-06 9.578155e-10
386 4.065041e+03 1.242341e-10 1.889775e-10 4.893080e-06 9.628825e-10
387 4.081633e+03 1.241598e-10 1.889085e-10 4.969509e-06 9.689106e-10
388 4.098361e+03 1.240855e-10 1.888390e-10 5.047443e-06 9.749921e-10
389 4.115226e+03 1.240132e-10 1.887741e-10 5.127547e-06 9.817275e-10
390 4.132231e+03 1.239289e-10 1.887106e-10 5.208354e-06 9.892150e-10
391 4.149378e+03 1.238138e-10 1.886353e-10 5.286952e-06 9.963270e-10
392 4.166667e+03 1.237691e-10 1.885753e-10 5.375071e-06 1.003104e-09
393 4.184100e+03 1.236959e-10 1.885087e-10 5.461756e-06 1.010109e-09
394 4.201681e+03 1.236105e-10 1.884436e-10 5.549217e-06 1.017891e-09
395 4.219409e+03 1.235370e-10 1.883764e-10 5.639443e-06 1.025038e-09
396 4.237288e+03 1.234369e-10 1.883076e-10 5.728728e-06 1.033054e-09
397 4.255319e+03 1.233630e-10 1.882400e-10 5.822633e-06 1.040348e-09
398 4.273504e+03 1.232747e-10 1.881690e-10 5.916642e-06 1.047791e-09
399 4.291845e+03 1.232006e-10 1.881011e-10 6.014432e-06 1.055229e-09
400 4.310345e+03 1.231121e-10 1.880296e-10 6.112342e-06 1.062817e-09
401 4.329004e+03 1.230236e-10 1.879577e-10 6.212253e-06 1.070479e-09
402 4.347826e+03 1.229492e-10 1.878888e-10 6.316220e-06 1.078141e-09
403 4.366812e+03 1.228624e-10 1.878210e-10 6.421152e-06 1.086639e-09
404 4.385965e+03 1.227735e-10 1.877478e-10 6.527433e-06 1.094534e-09
405 4.405286e+03 1.226966e-10 1.876727e-10 6.637216e-06 1.101736e-09
406 4.424779e+03 1.226053e-10 1.875937e-10 6.747140e-06 1.109076e-09
407 4.444444e+03 1.225589e-10 1.875293e-10 6.866958e-06 1.116984e-09
408 4.464286e+03 1.224855e-10 1.874624e-10 6.985790e-06 1.125833e-09
409 4.484305e+03 1.223976e-10 1.873917e-10 7.104868e-06 1.134848e-09
410 4.504505e+03 1.223218e-10 1.873194e-10 7.227951e-06 1.143160e-09
411 4.524887e+03 1.222334e-10 1.872480e-10 7.352230e-06 1.152365e-09
412 4.545455e+03 1.221573e-10 1.871752e-10 7.480724e-06 1.160856e-09
413 4.566210e+03 1.220810e-10 1.871021e-10 7.612049e-06 1.169434e-09
414 4.587156e+03 1.220047e-10 1.870288e-10 7.746281e-06 1.178102e-09
415 4.608295e+03 1.219302e-10 1.869599e-10 7.884546e-06 1.187628e-09
416 4.629630e+03 1.218536e-10 1.868859e-10 8.024851e-06 1.196486e-09
417 4.651163e+03 1.217770e-10 1.868116e-10 8.168305e-06 1.205436e-09
418 4.672897e+03 1.217168e-10 1.867449e-10 8.318998e-06 1.215208e-09
419 4.694836e+03 1.216419e-10 1.866742e-10 8.470247e-06 1.225156e-09
420 4.716981e+03 1.215794e-10 1.866020e-10 8.626818e-06 1.234347e-09
421 4.739336e+03 1.215042e-10 1.865302e-10 8.785145e-06 1.244516e-09
422 4.761905e+03 1.214287e-10 1.864581e-10 8.947138e-06 1.254801e-09
423 4.784689e+03 1.213678e-10 1.863891e-10 9.116152e-06 1.265142e-09
424 4.807692e+03 1.212939e-10 1.863207e-10 9.287158e-06 1.276507e-09
425 4.830918e+03 1.212199e-10 1.862519e-10 9.462215e-06 1.288013e-09
426 4.854369e+03 1.211438e-10 1.861783e-10 9.640079e-06 1.298801e-09
427 4.878049e+03 1.210695e-10 1.861088e-10 9.823555e-06 1.310585e-09
428 4.901961e+03 1.209931e-10 1.860346e-10 1.001001e-05 1.321636e-09
429 4.926108e+03 1.209186e-10 1.859643e-10 1.020240e-05 1.333706e-09
430 4.950495e+03 1.208271e-10 1.858854e-10 1.039407e-05 1.345089e-09
431 4.975124e+03 1.207483e-10 1.858053e-10 1.059272e-05 1.355637e-09
432 5.000000e+03 1.207032e-10 1.857410e-10 1.080746e-05 1.368022e-09
433 5.025126e+03 1.206173e-10 1.856734e-10 1.101842e-05 1.382600e-09
434 5.050505e+03 1.205250e-10 1.855924e-10 1.122956e-05 1.394560e-09
435 5.076142e+03 1.204516e-10 1.855232e-10 1.145364e-05 1.408509e-09
436 5.102041e+03 1.203589e-10 1.854412e-10 1.167531e-05 1.420777e-09
437 5.128205e+03 1.202679e-10 1.853631e-10 1.190418e-05 1.434164e-09
438 5.154639e+03 1.201919e-10 1.852884e-10 1.214350e-05 1.447670e-09
439 5.181347e+03 1.201006e-10 1.852093e-10 1.238397e-05 1.461404e-09
440 5.208333e+03 1.200244e-10 1.851337e-10 1.263550e-05 1.475263e-09
441 5.235602e+03 1.199327e-10 1.850537e-10 1.288828e-05 1.489354e-09
442 5.263158e+03 1.198389e-10 1.849690e-10 1.314539e-05 1.502592e-09
443 5.291005e+03 1.197489e-10 1.848919e-10 1.341316e-05 1.518086e-09
444 5.319149e+03 1.196393e-10 1.848021e-10 1.367784e-05 1.531716e-09
445 5.347594e+03 1.195601e-10 1.847197e-10 1.396067e-05 1.545426e-09
446 5.376344e+03 1.194786e-10 1.846328e-10 1.424862e-05 1.558223e-09
447 5.405405e+03 1.194185e-10 1.845615e-10 1.455720e-05 1.574422e-09
448 5.434783e+03 1.193430e-10 1.844858e-10 1.486796e-05 1.590894e-09
449 5.464481e+03 1.192539e-10 1.844094e-10 1.518314e-05 1.608767e-09
450 5.494505e+03 1.191450e-10 1.843205e-10 1.549494e-05 1.624659e-09
451 5.524862e+03 1.190492e-10 1.842313e-10 1.581904e-05 1.639569e-09
452 5.555556e+03 1.189886e-10 1.841574e-10 1.617122e-05 1.656944e-09
453 5.586592e+03 1.188968e-10 1.840747e-10 1.651880e-05 1.674638e-09
454 5.617978e+03 1.188069e-10 1.839952e-10 1.687868e-05 1.693791e-09
455 5.649718e+03 1.186990e-10 1.839070e-10 1.723778e-05 1.712044e-09
456 5.681818e+03 1.185907e-10 1.838181e-10 1.760646e-05 1.730556e-09
457 5.714286e+03 1.184800e-10 1.837250e-10 1.798191e-05 1.748077e-09
458 5.747126e+03 1.183870e-10 1.836392e-10 1.837911e-05 1.767089e-09
459 5.780347e+03 1.182621e-10 1.835443e-10 1.876989e-05 1.786407e-09
460 5.813953e+03 1.181507e-10 1.834494e-10 1.917665e-05 1.804678e-09
461 5.847953e+03 1.180411e-10 1.833574e-10 1.959797e-05 1.824523e-09
462 5.882353e+03 1.179450e-10 1.832655e-10 2.003692e-05 1.843310e-09
463 5.917160e+03 1.178349e-10 1.831722e-10 2.048209e-05 1.863721e-09
464 5.952381e+03 1.177063e-10 1.830703e-10 2.092566e-05 1.883040e-09
465 5.988024e+03 1.175935e-10 1.829722e-10 2.139176e-05 1.902627e-09
466 6.024096e+03 1.174803e-10 1.828735e-10 2.187090e-05 1.922484e-09
467 6.060606e+03 1.173690e-10 1.827777e-10 2.236765e-05 1.944057e-09
468 6.097561e+03 1.172575e-10 1.826812e-10 2.287859e-05 1.965950e-09
469 6.134969e+03 1.171414e-10 1.825773e-10 2.339546e-05 1.985202e-09
470 6.172840e+03 1.170294e-10 1.824795e-10 2.393600e-05 2.007710e-09
471 6.211180e+03 1.169170e-10 1.823809e-10 2.449224e-05 2.030555e-09
472 6.250000e+03 1.167881e-10 1.822772e-10 2.505154e-05 2.053691e-09
473 6.289308e+03 1.166752e-10 1.821773e-10 2.564044e-05 2.077224e-09
474 6.329114e+03 1.165414e-10 1.820659e-10 2.622259e-05 2.097860e-09
475 6.369427e+03 1.164421e-10 1.819661e-10 2.685554e-05 2.120518e-09
476 6.410256e+03 1.163119e-10 1.818598e-10 2.748306e-05 2.144989e-09
477 6.451613e+03 1.161979e-10 1.817573e-10 2.814447e-05 2.169911e-09
478 6.493506e+03 1.160506e-10 1.816449e-10 2.879371e-05 2.195021e-09
479 6.535948e+03 1.159317e-10 1.815351e-10 2.948324e-05 2.217275e-09
480 6.578947e+03 1.158189e-10 1.814334e-10 3.021146e-05 2.245040e-09
481 6.622517e+03 1.156850e-10 1.813207e-10 3.093221e-05 2.269610e-09
482 6.666667e+03 1.155383e-10 1.812084e-10 3.166863e-05 2.297968e-09
483 6.711409e+03 1.154037e-10 1.810943e-10 3.243291e-05 2.323269e-09
484 6.756757e+03 1.152854e-10 1.809842e-10 3.324008e-05 2.349081e-09
485 6.802721e+03 1.151335e-10 1.808643e-10 3.403163e-05 2.374939e-09
486 6.849315e+03 1.150000e-10 1.807510e-10 3.487483e-05 2.403222e-09
487 6.896552e+03 1.148640e-10 1.806343e-10 3.573695e-05 2.430005e-09
488 6.944444e+03 1.147298e-10 1.805197e-10 3.663321e-05 2.459126e-09
489 6.993007e+03 1.145933e-10 1.804018e-10 3.754999e-05 2.486704e-09
490 7.042254e+03 1.144395e-10 1.802786e-10 3.847111e-05 2.514442e-09
491 7.092199e+03 1.143042e-10 1.801619e-10 3.945373e-05 2.544848e-09
492 7.142857e+03 1.141667e-10 1.800421e-10 4.045952e-05 2.573646e-09
493 7.194245e+03 1.140288e-10 1.799217e-10 4.149751e-05 2.602858e-09
494 7.246377e+03 1.138926e-10 1.798030e-10 4.257771e-05 2.634634e-09
495 7.299270e+03 1.137389e-10 1.796790e-10 4.366385e-05 2.666595e-09
496 7.352941e+03 1.135829e-10 1.795520e-10 4.477520e-05 2.696817e-09
497 7.407407e+03 1.134437e-10 1.794291e-10 4.595339e-05 2.727798e-09
498 7.462687e+03 1.132890e-10 1.793031e-10 4.714756e-05 2.761142e-09
499 7.518797e+03 1.131338e-10 1.791763e-10 4.838033e-05 2.794980e-09
500 7.575758e+03 1.129763e-10 1.790469e-10 4.964297e-05 2.826972e-09
501 7.633588e+03 1.128357e-10 1.789216e-10 5.098348e-05 2.859834e-09
502 7.692308e+03 1.126621e-10 1.787882e-10 5.230414e-05 2.894696e-09
503 7.751938e+03 1.125036e-10 1.786570e-10 5.369552e-05 2.928060e-09
504 7.812500e+03 1.123620e-10 1.785299e-10 5.517436e-05 2.962388e-09
505 7.874016e+03 1.121871e-10 1.783946e-10 5.663067e-05 2.998708e-09
506 7.936508e+03 1.120274e-10 1.782617e-10 5.816697e-05 3.033514e-09
507 8.000000e+03 1.118674e-10 1.781282e-10 5.975549e-05 3.068804e-09
508 8.064516e+03 1.116913e-10 1.779912e-10 6.136279e-05 3.106623e-09
509 8.130081e+03 1.115288e-10 1.778550e-10 6.304801e-05 3.140229e-09
510 8.196721e+03 1.113693e-10 1.777215e-10 6.481770e-05 3.179717e-09
511 8.264463e+03 1.111903e-10 1.775812e-10 6.658199e-05 3.216332e-09
512 8.333333e+03 1.110460e-10 1.774497e-10 6.851867e-05 3.254880e-09
513 8.403361e+03 1.108518e-10 1.773064e-10 7.037877e-05 3.297427e-09
514 8.474576e+03 1.106699e-10 1.771633e-10 7.231845e-05 3.332661e-09
515 8.547009e+03 1.104893e-10 1.770210e-10 7.433974e-05 3.371230e-09
516 8.620690e+03 1.103083e-10 1.768782e-10 7.643152e-05 3.410284e-09
517 8.695652e+03 1.101077e-10 1.767293e-10 7.851293e-05 3.445879e-09
518 8.771930e+03 1.099259e-10 1.765857e-10 8.075175e-05 3.485838e-09
519 8.849558e+03 1.097437e-10 1.764417e-10 8.307043e-05 3.526300e-09
520 8.928571e+03 1.095598e-10 1.762963e-10 8.545689e-05 3.564121e-09
521 9.009009e+03 1.093755e-10 1.761506e-10 8.793001e-05 3.602372e-09
522 9.090909e+03 1.091910e-10 1.760046e-10 9.049367e-05 3.641059e-09
523 9.174312e+03 1.090073e-10 1.758591e-10 9.316805e-05 3.683466e-09
524 9.259259e+03 1.088221e-10 1.757125e-10 9.592555e-05 3.723086e-09
525 9.345794e+03 1.086189e-10 1.755611e-10 9.869109e-05 3.761861e-09
526 9.433962e+03 1.084509e-10 1.754183e-10 1.017562e-04 3.803698e-09
527 9.523810e+03 1.082648e-10 1.752709e-10 1.048394e-04 3.844703e-09
528 9.615385e+03 1.080616e-10 1.751194e-10 1.079498e-04 3.888221e-09
529 9.708738e+03 1.078739e-10 1.749709e-10 1.112556e-04 3.926631e-09
530 9.803922e+03 1.076869e-10 1.748227e-10 1.147086e-04 3.969028e-09
531 9.900990e+03 1.074819e-10 1.746701e-10 1.181756e-04 4.010283e-09
532 1.000000e+04 1.072943e-10 1.745215e-10 1.219042e-04 4.053619e-09
533 1.010101e+04 1.071065e-10 1.743727e-10 1.257836e-04 4.097468e-09
534 1.020408e+04 1.069177e-10 1.742234e-10 1.298055e-04 4.138074e-09
535 1.030928e+04 1.067115e-10 1.740701e-10 1.338644e-04 4.181031e-09
536 1.041667e+04 1.065229e-10 1.739208e-10 1.382381e-04 4.226355e-09
537 1.052632e+04 1.063335e-10 1.737712e-10 1.427810e-04 4.268328e-09
538 1.063830e+04 1.061444e-10 1.736216e-10 1.475335e-04 4.314709e-09
539 1.075269e+04 1.059368e-10 1.734677e-10 1.523025e-04 4.355492e-09
540 1.086957e+04 1.057471e-10 1.733178e-10 1.574678e-04 4.402897e-09
541 1.098901e+04 1.055389e-10 1.731640e-10 1.626449e-04 4.440410e-09
542 1.111111e+04 1.053484e-10 1.730141e-10 1.682465e-04 4.480607e-09
543 1.123596e+04 1.051760e-10 1.728679e-10 1.743339e-04 4.532032e-09
544 1.136364e+04 1.049676e-10 1.727139e-10 1.802638e-04 4.574901e-09
545 1.149425e+04 1.047769e-10 1.725641e-10 1.866783e-04 4.616565e-09
546 1.162791e+04 1.045861e-10 1.724140e-10 1.934050e-04 4.662986e-09
547 1.176471e+04 1.044306e-10 1.722716e-10 2.009447e-04 4.711294e-09
548 1.190476e+04 1.042570e-10 1.721247e-10 2.086242e-04 4.766297e-09
549 1.204819e+04 1.040660e-10 1.719747e-10 2.164079e-04 4.810344e-09
550 1.219512e+04 1.038922e-10 1.718280e-10 2.248703e-04 4.862485e-09
551 1.234568e+04 1.037007e-10 1.716776e-10 2.334706e-04 4.912293e-09
552 1.250000e+04 1.035092e-10 1.715272e-10 2.434595e-04 4.972576e-09
553 1.265823e+04 1.034044e-10 1.713932e-10 2.536734e-04 5.040040e-09
554 1.282051e+04 1.032118e-10 1.712419e-10 2.637507e-04 5.097245e-09
555 1.298701e+04 1.030189e-10 1.710905e-10 2.743584e-04 5.155309e-09
556 1.315789e+04 1.028434e-10 1.709424e-10 2.859220e-04 5.217946e-09
557 1.333333e+04 1.026324e-10 1.707875e-10 2.973111e-04 5.274124e-09
558 1.351351e+04 1.024570e-10 1.706398e-10 3.101864e-04 5.333948e-09
559 1.369863e+04 1.022632e-10 1.704881e-10 3.233318e-04 5.395804e-09
560 1.388889e+04 1.020691e-10 1.703362e-10 3.372209e-04 5.458675e-09
561 1.408451e+04 1.018755e-10 1.701851e-10 3.519381e-04 5.517525e-09
562 1.428571e+04 1.016810e-10 1.700332e-10 3.674868e-04 5.582479e-09
563 1.449275e+04 1.014871e-10 1.698820e-10 3.839984e-04 5.643384e-09
564 1.470588e+04 1.012920e-10 1.697299e-10 4.014662e-04 5.710586e-09
565 1.492537e+04 1.010803e-10 1.695757e-10 4.194258e-04 5.768867e-09
566 1.515152e+04 1.008882e-10 1.694263e-10 4.392800e-04 5.822352e-09
567 1.538462e+04 1.007299e-10 1.692818e-10 4.617708e-04 5.892470e-09
568 1.562500e+04 1.005689e-10 1.691353e-10 4.856530e-04 5.975211e-09
569 1.587302e+04 1.003555e-10 1.689800e-10 5.087962e-04 6.043741e-09
570 1.612903e+04 1.001778e-10 1.688313e-10 5.352353e-04 6.119081e-09
571 1.639344e+04 9.998274e-11 1.686798e-10 5.626385e-04 6.190453e-09
572 1.666667e+04 9.980475e-11 1.685308e-10 5.929153e-04 6.269298e-09
573 1.694915e+04 9.964383e-11 1.683844e-10 6.264255e-04 6.356211e-09
574 1.724138e+04 9.946540e-11 1.682351e-10 6.614049e-04 6.439269e-09
575 1.754386e+04 9.926791e-11 1.680820e-10 6.977013e-04 6.523940e-09
576 1.785714e+04 9.909071e-11 1.679335e-10 7.383567e-04 6.605391e-09
577 1.818182e+04 9.893055e-11 1.677873e-10 7.835797e-04 6.695968e-09
578 1.851852e+04 9.875128e-11 1.676373e-10 8.308961e-04 6.788408e-09
579 1.886792e+04 9.858886e-11 1.674894e-10 8.836333e-04 6.890799e-09
580 1.923077e+04 9.842424e-11 1.673401e-10 9.406019e-04 7.002748e-09
581 1.960784e+04 9.826116e-11 1.671915e-10 1.002875e-03 7.111985e-09
582 2.000000e+04 9.811285e-11 1.670437e-10 1.072271e-03 7.239294e-09
583 2.040816e+04 9.796415e-11 1.668955e-10 1.148126e-03 7.371194e-09
584 2.083333e+04 9.777701e-11 1.667401e-10 1.225845e-03 7.504455e-09
585 2.127660e+04 9.757828e-11 1.665858e-10 1.309808e-03 7.613165e-09
586 2.173913e+04 9.739631e-11 1.664334e-10 1.404316e-03 7.734503e-09
587 2.222222e+04 9.723098e-11 1.662826e-10 1.510999e-03 7.869580e-09
588 2.272727e+04 9.706742e-11 1.661326e-10 1.629411e-03 8.002950e-09
589 2.325581e+04 9.692042e-11 1.659840e-10 1.763823e-03 8.151691e-09
590 2.380952e+04 9.677301e-11 1.658349e-10 1.913220e-03 8.306950e-09
591 2.439024e+04 9.667564e-11 1.656905e-10 2.091799e-03 8.500632e-09
592 2.500000e+04 9.657542e-11 1.655440e-10 2.291306e-03 8.711416e-09
593 2.564103e+04 9.645557e-11 1.653937e-10 2.509863e-03 8.929426e-09
594 2.631579e+04 9.633513e-11 1.652425e-10 2.756223e-03 9.158465e-09
595 2.702703e+04 9.621622e-11 1.650916e-10 3.036325e-03 9.391230e-09
596 2.777778e+04 9.611989e-11 1.649448e-10 3.366105e-03 9.623660e-09
597 2.857143e+04 9.609205e-11 1.648042e-10 3.775154e-03 9.911265e-09
598 2.941176e+04 9.616370e-11 1.646712e-10 4.298941e-03 1.029368e-08
599 3.030303e+04 9.628898e-11 1.645350e-10 4.936106e-03 1.081822e-08
600 3.125000e+04 9.634684e-11 1.643900e-10 5.642737e-03 1.133196e-08
601 3.225806e+04 9.653041e-11 1.642566e-10 6.577367e-03 1.194960e-08
602 3.333333e+04 9.683369e-11 1.641260e-10 7.795001e-03 1.277984e-08
603 3.448276e+04 9.725396e-11 1.639974e-10 9.387688e-03 1.383771e-08
604 3.571429e+04 9.787156e-11 1.638731e-10 1.157761e-02 1.526339e-08
605 3.703704e+04 9.874475e-11 1.637466e-10 1.466625e-02 1.727520e-08
606 3.846154e+04 9.989800e-11 1.635981e-10 1.902843e-02 2.015957e-08
607 4.000000e+04 1.009301e-10 1.633692e-10 2.403657e-02 2.364757e-08
608 4.166667e+04 1.011308e-10 1.630412e-10 2.727099e-02 2.595740e-08
609 4.347826e+04 1.006412e-10 1.626803e-10 2.815364e-02 2.629867e-08
610 4.545455e+04 9.980688e-11 1.623161e-10 2.740491e-02 2.516054e-08
611 4.761905e+04 9.877128e-11 1.619636e-10 2.581893e-02 2.318488e-08
